Iteration  0 :

Initial guess :   2.691 -0.712  1.145 -0.712 -0.34  -1.516

SE(3) end − effector config :  0.9611  0.2479 -0.122  -0.691    -0.0945 -0.1199 -0.9883  0.1273   -0.2596  0.9613 -0.0918  0.1033    0.      0.      0.      1.    

error twist V_b :  -0.113  -0.104   0.203 -17.346 191.939  16.336

angular error magnitude ∣∣omega_b∣∣ : 0.254473

linear error magnitude ∣∣v_b∣∣ : 193.412570


Iteration  1 :

joint vector :   2.627 -1.036  1.819 -0.682 -0.509 -1.678

SE(3) end − effector config : -0.1949  0.9732 -0.122  -0.4763    0.1146 -0.1009 -0.9883  0.062    -0.9741 -0.2066 -0.0918  0.0874    0.      0.      0.      1.    

error twist V_b :  -0.009   0.05    0.018 -13.336 -24.018 -37.61 

angular error magnitude ∣∣omega_b∣∣ : 0.053584

linear error magnitude ∣∣v_b∣∣ : 46.574956


Iteration  2 :

joint vector :   2.582 -1.022  1.735 -0.721 -0.557 -1.56 

SE(3) end − effector config : -0.0186  0.9998 -0.0085 -0.498    -0.0494 -0.0094 -0.9987  0.1013   -0.9986 -0.0182  0.0496  0.1001    0.      0.      0.      1.    

error twist V_b : -0.003 -0.005 -0.003  0.114 -1.965  1.347

angular error magnitude ∣∣omega_b∣∣ : 0.006288

linear error magnitude ∣∣v_b∣∣ : 2.385000


Iteration  3 :

joint vector :   2.586 -1.017  1.727 -0.71  -0.555 -1.571

SE(3) end − effector config :  0.0026  1.     -0.0029 -0.5       0.0049 -0.003  -1.      0.1      -1.      0.0026 -0.0049  0.1       0.      0.      0.      1.    

error twist V_b : -0.    -0.    -0.    -0.007 -0.001 -0.006

angular error magnitude ∣∣omega_b∣∣ : 0.000031

linear error magnitude ∣∣v_b∣∣ : 0.009256


Iteration  4 :

joint vector :   2.586 -1.017  1.727 -0.71  -0.555 -1.571

SE(3) end − effector config :  0.   1.  -0.  -0.5    0.  -0.  -1.   0.1   -1.   0.  -0.   0.1    0.   0.   0.   1. 

error twist V_b :  0.  0.  0.  0. -0. -0.

angular error magnitude ∣∣omega_b∣∣ : 0.000000

linear error magnitude ∣∣v_b∣∣ : 0.000000


Final result:  
theta :  2.586,-1.017, 1.727,-0.71 ,-0.555,-1.571 
error : True