0.,0.,1.,0.,1.,0.,-1.,0.,0.,0.,0.,0.5,0
-0.00000236,0.,1.,0.,1.,0.,-1.,0.,-0.00000236,0.00000329,0.,0.50000011,0
-0.00000943,0.,1.,0.,1.,0.,-1.,0.,-0.00000943,0.00001315,0.,0.50000045,0
-0.00002121,0.,1.,0.,1.,0.,-1.,0.,-0.00002121,0.00002957,0.,0.500001,0
-0.00003767,0.,1.,0.,1.,0.,-1.,0.,-0.00003767,0.00005254,0.,0.50000178,0
-0.00005883,0.,1.,0.,1.,0.,-1.,0.,-0.00005883,0.00008204,0.,0.50000278,0
-0.00008465,0.,1.,0.,1.,0.,-1.,0.,-0.00008465,0.00011806,0.,0.500004,0
-0.00011514,0.,0.99999999,0.,1.,0.,-0.99999999,0.,-0.00011514,0.00016058,0.,0.50000544,0
-0.00015029,0.,0.99999999,0.,1.,0.,-0.99999999,0.,-0.00015029,0.0002096,0.,0.5000071,0
-0.00019009,0.,0.99999998,0.,1.,0.,-0.99999998,0.,-0.00019009,0.0002651,0.,0.50000897,0
-0.00023452,0.,0.99999997,0.,1.,0.,-0.99999997,0.,-0.00023452,0.00032706,0.,0.50001106,0
-0.00028357,0.,0.99999996,0.,1.,0.,-0.99999996,0.,-0.00028357,0.00039548,0.,0.50001337,0
-0.00033725,0.,0.99999994,0.,1.,0.,-0.99999994,0.,-0.00033725,0.00047033,0.,0.50001588,0
-0.00039553,0.,0.99999992,0.,1.,0.,-0.99999992,0.,-0.00039553,0.00055162,0.,0.50001861,0
-0.00045842,0.,0.99999989,0.,1.,0.,-0.99999989,0.,-0.00045842,0.00063931,0.,0.50002155,0
-0.00052589,0.,0.99999986,0.,1.,0.,-0.99999986,0.,-0.00052589,0.00073341,0.,0.5000247,0
-0.00059794,0.,0.99999982,0.,1.,0.,-0.99999982,0.,-0.00059794,0.0008339,0.,0.50002805,0
-0.00067456,0.,0.99999977,0.,1.,0.,-0.99999977,0.,-0.00067456,0.00094076,0.,0.50003161,0
-0.00075575,0.,0.99999971,0.,1.,0.,-0.99999971,0.,-0.00075575,0.00105398,0.,0.50003538,0
-0.00084148,0.,0.99999965,0.,1.,0.,-0.99999965,0.,-0.00084148,0.00117356,0.,0.50003934,0
-0.00093176,0.,0.99999957,0.,1.,0.,-0.99999957,0.,-0.00093176,0.00129946,0.,0.5000435,0
-0.00102657,0.,0.99999947,0.,1.,0.,-0.99999947,0.,-0.00102657,0.00143169,0.,0.50004786,0
-0.00112591,0.,0.99999937,0.,1.,0.,-0.99999937,0.,-0.00112591,0.00157023,0.,0.50005241,0
-0.00122975,0.,0.99999924,0.,1.,0.,-0.99999924,0.,-0.00122975,0.00171506,0.,0.50005716,0
-0.00133811,0.,0.9999991,0.,1.,0.,-0.9999991,0.,-0.00133811,0.00186617,0.,0.50006209,0
-0.00145095,0.,0.99999895,0.,1.,0.,-0.99999895,0.,-0.00145095,0.00202356,0.,0.50006721,0
-0.00156829,0.,0.99999877,0.,1.,0.,-0.99999877,0.,-0.00156829,0.0021872,0.,0.50007252,0
-0.00169009,0.,0.99999857,0.,1.,0.,-0.99999857,0.,-0.00169009,0.00235708,0.,0.50007801,0
-0.00181637,0.,0.99999835,0.,1.,0.,-0.99999835,0.,-0.00181637,0.0025332,0.,0.50008368,0
-0.0019471,0.,0.9999981,0.,1.,0.,-0.9999981,0.,-0.0019471,0.00271553,0.,0.50008952,0
-0.00208228,0.,0.99999783,0.,1.,0.,-0.99999783,0.,-0.00208228,0.00290407,0.,0.50009554,0
-0.0022219,0.,0.99999753,0.,1.,0.,-0.99999753,0.,-0.0022219,0.00309879,0.,0.50010173,0
-0.00236595,0.,0.9999972,0.,1.,0.,-0.9999972,0.,-0.00236595,0.0032997,0.,0.50010809,0
-0.00251441,0.,0.99999684,0.,1.,0.,-0.99999684,0.,-0.00251441,0.00350677,0.,0.50011461,0
-0.00266729,0.,0.99999644,0.,1.,0.,-0.99999644,0.,-0.00266729,0.00371999,0.,0.5001213,0
-0.00282457,0.,0.99999601,0.,1.,0.,-0.99999601,0.,-0.00282457,0.00393935,0.,0.50012814,0
-0.00298623,0.,0.99999554,0.,1.,0.,-0.99999554,0.,-0.00298623,0.00416483,0.,0.50013513,0
-0.00315228,0.,0.99999503,0.,1.,0.,-0.99999503,0.,-0.00315228,0.00439643,0.,0.50014228,0
-0.0033227,0.,0.99999448,0.,1.,0.,-0.99999448,0.,-0.0033227,0.00463412,0.,0.50014958,0
-0.00349748,0.,0.99999388,0.,1.,0.,-0.99999388,0.,-0.00349748,0.00487791,0.,0.50015702,0
-0.00367662,0.,0.99999324,0.,1.,0.,-0.99999324,0.,-0.00367662,0.00512776,0.,0.50016461,0
-0.0038601,0.,0.99999255,0.,1.,0.,-0.99999255,0.,-0.0038601,0.00538367,0.,0.50017233,0
-0.00404791,0.,0.99999181,0.,1.,0.,-0.99999181,0.,-0.00404791,0.00564564,0.,0.50018018,0
-0.00424005,0.,0.99999101,0.,1.,0.,-0.99999101,0.,-0.00424005,0.00591363,0.,0.50018817,0
-0.00443651,0.,0.99999016,0.,1.,0.,-0.99999016,0.,-0.00443651,0.00618765,0.,0.50019628,0
-0.00463727,0.,0.99998925,0.,1.,0.,-0.99998925,0.,-0.00463727,0.00646767,0.,0.50020451,0
-0.00484232,0.,0.99998828,0.,1.,0.,-0.99998828,0.,-0.00484232,0.00675369,0.,0.50021286,0
-0.00505166,0.,0.99998724,0.,1.,0.,-0.99998724,0.,-0.00505166,0.00704569,0.,0.50022133,0
-0.00526528,0.,0.99998614,0.,1.,0.,-0.99998614,0.,-0.00526528,0.00734365,0.,0.5002299,0
-0.00548317,0.,0.99998497,0.,1.,0.,-0.99998497,0.,-0.00548317,0.00764758,0.,0.50023858,0
-0.00570531,0.,0.99998372,0.,1.,0.,-0.99998372,0.,-0.00570531,0.00795744,0.,0.50024736,0
-0.00593171,0.,0.99998241,0.,1.,0.,-0.99998241,0.,-0.00593171,0.00827323,0.,0.50025624,0
-0.00616234,0.,0.99998101,0.,1.,0.,-0.99998101,0.,-0.00616234,0.00859494,0.,0.50026521,0
-0.00639721,0.,0.99997954,0.,1.,0.,-0.99997954,0.,-0.00639721,0.00892255,0.,0.50027427,0
-0.00663629,0.,0.99997798,0.,1.,0.,-0.99997798,0.,-0.00663629,0.00925606,0.,0.50028342,0
-0.00687958,0.,0.99997634,0.,1.,0.,-0.99997634,0.,-0.00687958,0.00959543,0.,0.50029264,0
-0.00712708,0.,0.9999746,0.,1.,0.,-0.9999746,0.,-0.00712708,0.00994068,0.,0.50030194,0
-0.00737877,0.,0.99997278,0.,1.,0.,-0.99997278,0.,-0.00737877,0.01029177,0.,0.50031131,0
-0.00763464,0.,0.99997086,0.,1.,0.,-0.99997086,0.,-0.00763464,0.0106487,0.,0.50032074,0
-0.00789468,0.,0.99996884,0.,1.,0.,-0.99996884,0.,-0.00789468,0.01101145,0.,0.50033023,0
-0.00815889,0.,0.99996672,0.,1.,0.,-0.99996672,0.,-0.00815889,0.01138002,0.,0.50033978,0
-0.00842725,0.,0.99996449,0.,1.,0.,-0.99996449,0.,-0.00842725,0.01175438,0.,0.50034938,0
-0.00869975,0.,0.99996216,0.,1.,0.,-0.99996216,0.,-0.00869975,0.01213453,0.,0.50035903,0
-0.00897639,0.,0.99995971,0.,1.,0.,-0.99995971,0.,-0.00897639,0.01252045,0.,0.50036871,0
-0.00925716,0.,0.99995715,0.,1.,0.,-0.99995715,0.,-0.00925716,0.01291212,0.,0.50037843,0
-0.00954204,0.,0.99995447,0.,1.,0.,-0.99995447,0.,-0.00954204,0.01330955,0.,0.50038818,0
-0.00983103,0.,0.99995167,0.,1.,0.,-0.99995167,0.,-0.00983103,0.01371271,0.,0.50039796,0
-0.01012411,0.,0.99994875,0.,1.,0.,-0.99994875,0.,-0.01012411,0.01412158,0.,0.50040775,0
-0.01042128,0.,0.9999457,0.,1.,0.,-0.9999457,0.,-0.01042128,0.01453616,0.,0.50041756,0
-0.01072253,0.,0.99994251,0.,1.,0.,-0.99994251,0.,-0.01072253,0.01495644,0.,0.50042738,0
-0.01102785,0.,0.99993919,0.,1.,0.,-0.99993919,0.,-0.01102785,0.0153824,0.,0.5004372,0
-0.01133723,0.,0.99993573,0.,1.,0.,-0.99993573,0.,-0.01133723,0.01581402,0.,0.50044702,0
-0.01165066,0.,0.99993213,0.,1.,0.,-0.99993213,0.,-0.01165066,0.0162513,0.,0.50045683,0
-0.01196812,0.,0.99992838,0.,1.,0.,-0.99992838,0.,-0.01196812,0.01669421,0.,0.50046663,0
-0.01228962,0.,0.99992448,0.,1.,0.,-0.99992448,0.,-0.01228962,0.01714276,0.,0.50047641,0
-0.01261513,0.,0.99992043,0.,1.,0.,-0.99992043,0.,-0.01261513,0.01759692,0.,0.50048616,0
-0.01294466,0.,0.99991621,0.,1.,0.,-0.99991621,0.,-0.01294466,0.01805668,0.,0.50049589,0
-0.01327819,0.,0.99991184,0.,1.,0.,-0.99991184,0.,-0.01327819,0.01852203,0.,0.50050558,0
-0.01361571,0.,0.9999073,0.,1.,0.,-0.9999073,0.,-0.01361571,0.01899296,0.,0.50051522,0
-0.01395722,0.,0.99990259,0.,1.,0.,-0.99990259,0.,-0.01395722,0.01946944,0.,0.50052482,0
-0.0143027,0.,0.99989771,0.,1.,0.,-0.99989771,0.,-0.0143027,0.01995148,0.,0.50053436,0
-0.01465214,0.,0.99989265,0.,1.,0.,-0.99989265,0.,-0.01465214,0.02043905,0.,0.50054385,0
-0.01500553,0.,0.99988741,0.,1.,0.,-0.99988741,0.,-0.01500553,0.02093215,0.,0.50055327,0
-0.01536287,0.,0.99988198,0.,1.,0.,-0.99988198,0.,-0.01536287,0.02143075,0.,0.50056262,0
-0.01572414,0.,0.99987637,0.,1.,0.,-0.99987637,0.,-0.01572414,0.02193485,0.,0.50057188,0
-0.01608934,0.,0.99987056,0.,1.,0.,-0.99987056,0.,-0.01608934,0.02244444,0.,0.50058107,0
-0.01645846,0.,0.99986455,0.,1.,0.,-0.99986455,0.,-0.01645846,0.02295949,0.,0.50059016,0
-0.01683148,0.,0.99985834,0.,1.,0.,-0.99985834,0.,-0.01683148,0.02348,0.,0.50059916,0
-0.0172084,0.,0.99985192,0.,1.,0.,-0.99985192,0.,-0.0172084,0.02400596,0.,0.50060805,0
-0.0175892,0.,0.9998453,0.,1.,0.,-0.9998453,0.,-0.0175892,0.02453734,0.,0.50061684,0
-0.01797388,0.,0.99983846,0.,1.,0.,-0.99983846,0.,-0.01797388,0.02507414,0.,0.5006255,0
-0.01836243,0.,0.9998314,0.,1.,0.,-0.9998314,0.,-0.01836243,0.02561635,0.,0.50063405,0
-0.01875484,0.,0.99982411,0.,1.,0.,-0.99982411,0.,-0.01875484,0.02616395,0.,0.50064247,0
-0.01915109,0.,0.9998166,0.,1.,0.,-0.9998166,0.,-0.01915109,0.02671693,0.,0.50065075,0
-0.01955119,0.,0.99980886,0.,1.,0.,-0.99980886,0.,-0.01955119,0.02727527,0.,0.50065889,0
-0.01995511,0.,0.99980088,0.,1.,0.,-0.99980088,0.,-0.01995511,0.02783896,0.,0.50066688,0
-0.02036286,0.,0.99979266,0.,1.,0.,-0.99979266,0.,-0.02036286,0.02840799,0.,0.50067471,0
-0.02077441,0.,0.99978419,0.,1.,0.,-0.99978419,0.,-0.02077441,0.02898235,0.,0.50068238,0
-0.02118977,0.,0.99977547,0.,1.,0.,-0.99977547,0.,-0.02118977,0.02956202,0.,0.50068989,0
-0.02160891,0.,0.9997665,0.,1.,0.,-0.9997665,0.,-0.02160891,0.03014699,0.,0.50069722,0
-0.02203184,0.,0.99975727,0.,1.,0.,-0.99975727,0.,-0.02203184,0.03073724,0.,0.50070436,0
-0.02245854,0.,0.99974778,0.,1.,0.,-0.99974778,0.,-0.02245854,0.03133277,0.,0.50071132,0
-0.022889,0.,0.99973801,0.,1.,0.,-0.99973801,0.,-0.022889,0.03193355,0.,0.50071808,0
-0.02332321,0.,0.99972798,0.,1.,0.,-0.99972798,0.,-0.02332321,0.03253958,0.,0.50072464,0
-0.02376117,0.,0.99971766,0.,1.,0.,-0.99971766,0.,-0.02376117,0.03315085,0.,0.50073099,0
-0.02420285,0.,0.99970707,0.,1.,0.,-0.99970707,0.,-0.02420285,0.03376733,0.,0.50073712,0
-0.02464827,0.,0.99969619,0.,1.,0.,-0.99969619,0.,-0.02464827,0.03438902,0.,0.50074302,0
-0.02509739,0.,0.99968501,0.,1.,0.,-0.99968501,0.,-0.02509739,0.0350159,0.,0.5007487,0
-0.02555022,0.,0.99967354,0.,1.,0.,-0.99967354,0.,-0.02555022,0.03564796,0.,0.50075414,0
-0.02600674,0.,0.99966177,0.,1.,0.,-0.99966177,0.,-0.02600674,0.03628519,0.,0.50075933,0
-0.02646695,0.,0.99964969,0.,1.,0.,-0.99964969,0.,-0.02646695,0.03692757,0.,0.50076427,0
-0.02693084,0.,0.9996373,0.,1.,0.,-0.9996373,0.,-0.02693084,0.0375751,0.,0.50076895,0
-0.02739839,0.,0.99962459,0.,1.,0.,-0.99962459,0.,-0.02739839,0.03822774,0.,0.50077336,0
-0.02786959,0.,0.99961157,0.,1.,0.,-0.99961157,0.,-0.02786959,0.03888551,0.,0.5007775,0
-0.02834444,0.,0.99959822,0.,1.,0.,-0.99959822,0.,-0.02834444,0.03954837,0.,0.50078135,0
-0.02882293,0.,0.99958453,0.,1.,0.,-0.99958453,0.,-0.02882293,0.04021632,0.,0.50078492,0
-0.02930504,0.,0.99957052,0.,1.,0.,-0.99957052,0.,-0.02930504,0.04088934,0.,0.50078819,0
-0.02979077,0.,0.99955616,0.,1.,0.,-0.99955616,0.,-0.02979077,0.04156742,0.,0.50079116,0
-0.03028011,0.,0.99954145,0.,1.,0.,-0.99954145,0.,-0.03028011,0.04225055,0.,0.50079381,0
-0.03077304,0.,0.9995264,0.,1.,0.,-0.9995264,0.,-0.03077304,0.04293872,0.,0.50079615,0
-0.03126957,0.,0.99951099,0.,1.,0.,-0.99951099,0.,-0.03126957,0.0436319,0.,0.50079816,0
-0.03176967,0.,0.99949522,0.,1.,0.,-0.99949522,0.,-0.03176967,0.04433009,0.,0.50079984,0
-0.03227334,0.,0.99947908,0.,1.,0.,-0.99947908,0.,-0.03227334,0.04503327,0.,0.50080118,0
-0.03278056,0.,0.99946257,0.,1.,0.,-0.99946257,0.,-0.03278056,0.04574144,0.,0.50080217,0
-0.03329134,0.,0.99944569,0.,1.,0.,-0.99944569,0.,-0.03329134,0.04645457,0.,0.5008028,0
-0.03380565,0.,0.99942843,0.,1.,0.,-0.99942843,0.,-0.03380565,0.04717265,0.,0.50080307,0
-0.0343235,0.,0.99941078,0.,1.,0.,-0.99941078,0.,-0.0343235,0.04789567,0.,0.50080296,0
-0.03484486,0.,0.99939273,0.,1.,0.,-0.99939273,0.,-0.03484486,0.04862363,0.,0.50080248,0
-0.03536973,0.,0.9993743,0.,1.,0.,-0.9993743,0.,-0.03536973,0.04935649,0.,0.50080161,0
-0.03589811,0.,0.99935546,0.,1.,0.,-0.99935546,0.,-0.03589811,0.05009425,0.,0.50080035,0
-0.03642997,0.,0.99933621,0.,1.,0.,-0.99933621,0.,-0.03642997,0.0508369,0.,0.50079868,0
-0.03696531,0.,0.99931655,0.,1.,0.,-0.99931655,0.,-0.03696531,0.05158443,0.,0.50079661,0
-0.03750413,0.,0.99929647,0.,1.,0.,-0.99929647,0.,-0.03750413,0.05233681,0.,0.50079411,0
-0.0380464,0.,0.99927597,0.,1.,0.,-0.99927597,0.,-0.0380464,0.05309404,0.,0.50079119,0
-0.03859212,0.,0.99925505,0.,1.,0.,-0.99925505,0.,-0.03859212,0.0538561,0.,0.50078784,0
-0.03914129,0.,0.99923369,0.,1.,0.,-0.99923369,0.,-0.03914129,0.05462298,0.,0.50078404,0
-0.03969389,0.,0.99921189,0.,1.,0.,-0.99921189,0.,-0.03969389,0.05539467,0.,0.5007798,0
-0.0402499,0.,0.99918964,0.,1.,0.,-0.99918964,0.,-0.0402499,0.05617115,0.,0.5007751,0
-0.04080933,0.,0.99916695,0.,1.,0.,-0.99916695,0.,-0.04080933,0.05695241,0.,0.50076993,0
-0.04137217,0.,0.99914381,0.,1.,0.,-0.99914381,0.,-0.04137217,0.05773843,0.,0.50076429,0
-0.04193839,0.,0.9991202,0.,1.,0.,-0.9991202,0.,-0.04193839,0.05852921,0.,0.50075818,0
-0.04250799,0.,0.99909613,0.,1.,0.,-0.99909613,0.,-0.04250799,0.05932472,0.,0.50075157,0
-0.04308097,0.,0.99907158,0.,1.,0.,-0.99907158,0.,-0.04308097,0.06012496,0.,0.50074446,0
-0.04365731,0.,0.99904657,0.,1.,0.,-0.99904657,0.,-0.04365731,0.06092991,0.,0.50073685,0
-0.044237,0.,0.99902106,0.,1.,0.,-0.99902106,0.,-0.044237,0.06173956,0.,0.50072873,0
-0.04482003,0.,0.99899508,0.,1.,0.,-0.99899508,0.,-0.04482003,0.06255389,0.,0.50072008,0
-0.0454064,0.,0.9989686,0.,1.,0.,-0.9989686,0.,-0.0454064,0.06337289,0.,0.50071091,0
-0.04599609,0.,0.99894162,0.,1.,0.,-0.99894162,0.,-0.04599609,0.06419655,0.,0.5007012,0
-0.04658909,0.,0.99891414,0.,1.,0.,-0.99891414,0.,-0.04658909,0.06502486,0.,0.50069094,0
-0.04718539,0.,0.99888615,0.,1.,0.,-0.99888615,0.,-0.04718539,0.06585779,0.,0.50068013,0
-0.04778499,0.,0.99885765,0.,1.,0.,-0.99885765,0.,-0.04778499,0.06669534,0.,0.50066876,0
-0.04838786,0.,0.99882862,0.,1.,0.,-0.99882862,0.,-0.04838786,0.06753749,0.,0.50065682,0
-0.04899402,0.,0.99879907,0.,1.,0.,-0.99879907,0.,-0.04899402,0.06838423,0.,0.50064431,0
-0.04960343,0.,0.99876899,0.,1.,0.,-0.99876899,0.,-0.04960343,0.06923555,0.,0.5006312,0
-0.0502161,0.,0.99873838,0.,1.,0.,-0.99873838,0.,-0.0502161,0.07009143,0.,0.50061751,0
-0.05083201,0.,0.99870722,0.,1.,0.,-0.99870722,0.,-0.05083201,0.07095186,0.,0.50060321,0
-0.05145115,0.,0.99867551,0.,1.,0.,-0.99867551,0.,-0.05145115,0.07181682,0.,0.5005883,0
-0.05207352,0.,0.99864325,0.,1.,0.,-0.99864325,0.,-0.05207352,0.0726863,0.,0.50057277,0
-0.0526991,0.,0.99861044,0.,1.,0.,-0.99861044,0.,-0.0526991,0.07356029,0.,0.50055662,0
-0.05332788,0.,0.99857706,0.,1.,0.,-0.99857706,0.,-0.05332788,0.07443878,0.,0.50053983,0
-0.05395986,0.,0.99854311,0.,1.,0.,-0.99854311,0.,-0.05395986,0.07532174,0.,0.50052239,0
-0.05459501,0.,0.99850858,0.,1.,0.,-0.99850858,0.,-0.05459501,0.07620917,0.,0.50050431,0
-0.05523334,0.,0.99847347,0.,1.,0.,-0.99847347,0.,-0.05523334,0.07710105,0.,0.50048556,0
-0.05587484,0.,0.99843778,0.,1.,0.,-0.99843778,0.,-0.05587484,0.07799738,0.,0.50046615,0
-0.05651948,0.,0.9984015,0.,1.,0.,-0.9984015,0.,-0.05651948,0.07889812,0.,0.50044606,0
-0.05716727,0.,0.99836461,0.,1.,0.,-0.99836461,0.,-0.05716727,0.07980328,0.,0.50042529,0
-0.0578182,0.,0.99832713,0.,1.,0.,-0.99832713,0.,-0.0578182,0.08071283,0.,0.50040382,0
-0.05847224,0.,0.99828903,0.,1.,0.,-0.99828903,0.,-0.05847224,0.08162677,0.,0.50038166,0
-0.0591294,0.,0.99825033,0.,1.,0.,-0.99825033,0.,-0.0591294,0.08254508,0.,0.50035878,0
-0.05978966,0.,0.998211,0.,1.,0.,-0.998211,0.,-0.05978966,0.08346775,0.,0.50033519,0
-0.06045301,0.,0.99817104,0.,1.,0.,-0.99817104,0.,-0.06045301,0.08439475,0.,0.50031087,0
-0.06111944,0.,0.99813046,0.,1.,0.,-0.99813046,0.,-0.06111944,0.08532609,0.,0.50028581,0
-0.06178895,0.,0.99808924,0.,1.,0.,-0.99808924,0.,-0.06178895,0.08626174,0.,0.50026001,0
-0.06246152,0.,0.99804737,0.,1.,0.,-0.99804737,0.,-0.06246152,0.08720169,0.,0.50023347,0
-0.06313714,0.,0.99800486,0.,1.,0.,-0.99800486,0.,-0.06313714,0.08814592,0.,0.50020616,0
-0.0638158,0.,0.99796169,0.,1.,0.,-0.99796169,0.,-0.0638158,0.08909444,0.,0.50017808,0
-0.0644975,0.,0.99791787,0.,1.,0.,-0.99791787,0.,-0.0644975,0.0900472,0.,0.50014923,0
-0.06518221,0.,0.99787338,0.,1.,0.,-0.99787338,0.,-0.06518221,0.09100422,0.,0.5001196,0
-0.06586994,0.,0.99782822,0.,1.,0.,-0.99782822,0.,-0.06586994,0.09196547,0.,0.50008917,0
-0.06656067,0.,0.99778238,0.,1.,0.,-0.99778238,0.,-0.06656067,0.09293093,0.,0.50005794,0
-0.06725439,0.,0.99773586,0.,1.,0.,-0.99773586,0.,-0.06725439,0.0939006,0.,0.5000259,0
-0.06795109,0.,0.99768865,0.,1.,0.,-0.99768865,0.,-0.06795109,0.09487445,0.,0.49999304,0
-0.06865076,0.,0.99764075,0.,1.,0.,-0.99764075,0.,-0.06865076,0.09585249,0.,0.49995936,0
-0.06935339,0.,0.99759215,0.,1.,0.,-0.99759215,0.,-0.06935339,0.09683468,0.,0.49992484,0
-0.07005897,0.,0.99754285,0.,1.,0.,-0.99754285,0.,-0.07005897,0.09782102,0.,0.49988948,0
-0.07076749,0.,0.99749284,0.,1.,0.,-0.99749284,0.,-0.07076749,0.0988115,0.,0.49985327,0
-0.07147894,0.,0.99744211,0.,1.,0.,-0.99744211,0.,-0.07147894,0.09980609,0.,0.4998162,0
-0.07219331,0.,0.99739066,0.,1.,0.,-0.99739066,0.,-0.07219331,0.10080479,0.,0.49977826,0
-0.07291059,0.,0.99733848,0.,1.,0.,-0.99733848,0.,-0.07291059,0.10180758,0.,0.49973945,0
-0.07363077,0.,0.99728557,0.,1.,0.,-0.99728557,0.,-0.07363077,0.10281445,0.,0.49969975,0
-0.07435383,0.,0.99723192,0.,1.,0.,-0.99723192,0.,-0.07435383,0.10382539,0.,0.49965916,0
-0.07507978,0.,0.99717753,0.,1.,0.,-0.99717753,0.,-0.07507978,0.10484037,0.,0.49961766,0
-0.07580859,0.,0.99712239,0.,1.,0.,-0.99712239,0.,-0.07580859,0.10585939,0.,0.49957526,0
-0.07654026,0.,0.99706649,0.,1.,0.,-0.99706649,0.,-0.07654026,0.10688243,0.,0.49953194,0
-0.07727478,0.,0.99700983,0.,1.,0.,-0.99700983,0.,-0.07727478,0.10790947,0.,0.49948769,0
-0.07801214,0.,0.99695241,0.,1.,0.,-0.99695241,0.,-0.07801214,0.10894051,0.,0.49944251,0
-0.07875232,0.,0.99689421,0.,1.,0.,-0.99689421,0.,-0.07875232,0.10997553,0.,0.49939639,0
-0.07949532,0.,0.99683524,0.,1.,0.,-0.99683524,0.,-0.07949532,0.11101451,0.,0.49934931,0
-0.08024112,0.,0.99677548,0.,1.,0.,-0.99677548,0.,-0.08024112,0.11205745,0.,0.49930128,0
-0.08098972,0.,0.99671494,0.,1.,0.,-0.99671494,0.,-0.08098972,0.11310432,0.,0.49925227,0
-0.08174111,0.,0.9966536,0.,1.,0.,-0.9966536,0.,-0.08174111,0.11415511,0.,0.49920229,0
-0.08249527,0.,0.99659146,0.,1.,0.,-0.99659146,0.,-0.08249527,0.11520981,0.,0.49915133,0
-0.0832522,0.,0.99652851,0.,1.,0.,-0.99652851,0.,-0.0832522,0.1162684,0.,0.49909938,0
-0.08401188,0.,0.99646475,0.,1.,0.,-0.99646475,0.,-0.08401188,0.11733088,0.,0.49904642,0
-0.0847743,0.,0.99640018,0.,1.,0.,-0.99640018,0.,-0.0847743,0.11839722,0.,0.49899245,0
-0.08553946,0.,0.99633478,0.,1.,0.,-0.99633478,0.,-0.08553946,0.11946741,0.,0.49893747,0
-0.08630734,0.,0.99626856,0.,1.,0.,-0.99626856,0.,-0.08630734,0.12054143,0.,0.49888146,0
-0.08707794,0.,0.9962015,0.,1.,0.,-0.9962015,0.,-0.08707794,0.12161928,0.,0.49882442,0
-0.08785123,0.,0.99613361,0.,1.,0.,-0.99613361,0.,-0.08785123,0.12270094,0.,0.49876633,0
-0.08862722,0.,0.99606487,0.,1.,0.,-0.99606487,0.,-0.08862722,0.12378639,0.,0.4987072,0
-0.08940589,0.,0.99599527,0.,1.,0.,-0.99599527,0.,-0.08940589,0.12487563,0.,0.49864701,0
-0.09018723,0.,0.99592483,0.,1.,0.,-0.99592483,0.,-0.09018723,0.12596862,0.,0.49858575,0
-0.09097123,0.,0.99585352,0.,1.,0.,-0.99585352,0.,-0.09097123,0.12706537,0.,0.49852341,0
-0.09175788,0.,0.99578135,0.,1.,0.,-0.99578135,0.,-0.09175788,0.12816586,0.,0.49845999,0
-0.09254717,0.,0.9957083,0.,1.,0.,-0.9957083,0.,-0.09254717,0.12927006,0.,0.49839548,0
-0.09333909,0.,0.99563438,0.,1.,0.,-0.99563438,0.,-0.09333909,0.13037798,0.,0.49832988,0
-0.09413363,0.,0.99555957,0.,1.,0.,-0.99555957,0.,-0.09413363,0.13148959,0.,0.49826316,0
-0.09493077,0.,0.99548388,0.,1.,0.,-0.99548388,0.,-0.09493077,0.13260487,0.,0.49819533,0
-0.09573052,0.,0.99540729,0.,1.,0.,-0.99540729,0.,-0.09573052,0.13372382,0.,0.49812637,0
-0.09653285,0.,0.9953298,0.,1.,0.,-0.9953298,0.,-0.09653285,0.13484643,0.,0.49805628,0
-0.09733775,0.,0.99525141,0.,1.,0.,-0.99525141,0.,-0.09733775,0.13597266,0.,0.49798506,0
-0.09814522,0.,0.9951721,0.,1.,0.,-0.9951721,0.,-0.09814522,0.13710252,0.,0.49791268,0
-0.09895525,0.,0.99509188,0.,1.,0.,-0.99509188,0.,-0.09895525,0.13823599,0.,0.49783915,0
-0.09976782,0.,0.99501074,0.,1.,0.,-0.99501074,0.,-0.09976782,0.13937305,0.,0.49776446,0
-0.10058293,0.,0.99492868,0.,1.,0.,-0.99492868,0.,-0.10058293,0.14051368,0.,0.49768859,0
-0.10140056,0.,0.99484568,0.,1.,0.,-0.99484568,0.,-0.10140056,0.14165788,0.,0.49761154,0
-0.1022207,0.,0.99476174,0.,1.,0.,-0.99476174,0.,-0.1022207,0.14280563,0.,0.49753331,0
-0.10304334,0.,0.99467687,0.,1.,0.,-0.99467687,0.,-0.10304334,0.14395691,0.,0.49745387,0
-0.10386848,0.,0.99459104,0.,1.,0.,-0.99459104,0.,-0.10386848,0.14511171,0.,0.49737324,0
-0.10469609,0.,0.99450426,0.,1.,0.,-0.99450426,0.,-0.10469609,0.14627002,0.,0.49729139,0
-0.10552618,0.,0.99441653,0.,1.,0.,-0.99441653,0.,-0.10552618,0.14743182,0.,0.49720833,0
-0.10635872,0.,0.99432782,0.,1.,0.,-0.99432782,0.,-0.10635872,0.14859709,0.,0.49712403,0
-0.10719372,0.,0.99423815,0.,1.,0.,-0.99423815,0.,-0.10719372,0.14976582,0.,0.4970385,0
-0.10803115,0.,0.99414751,0.,1.,0.,-0.99414751,0.,-0.10803115,0.15093801,0.,0.49695173,0
-0.10887101,0.,0.99405588,0.,1.,0.,-0.99405588,0.,-0.10887101,0.15211362,0.,0.4968637,0
-0.10971329,0.,0.99396328,0.,1.,0.,-0.99396328,0.,-0.10971329,0.15329265,0.,0.49677442,0
-0.11055798,0.,0.99386968,0.,1.,0.,-0.99386968,0.,-0.11055798,0.15447508,0.,0.49668387,0
-0.11140506,0.,0.99377508,0.,1.,0.,-0.99377508,0.,-0.11140506,0.1556609,0.,0.49659204,0
-0.11225452,0.,0.99367949,0.,1.,0.,-0.99367949,0.,-0.11225452,0.1568501,0.,0.49649893,0
-0.11310636,0.,0.99358289,0.,1.,0.,-0.99358289,0.,-0.11310636,0.15804265,0.,0.49640453,0
-0.11396056,0.,0.99348527,0.,1.,0.,-0.99348527,0.,-0.11396056,0.15923854,0.,0.49630884,0
-0.11481711,0.,0.99338665,0.,1.,0.,-0.99338665,0.,-0.11481711,0.16043777,0.,0.49621184,0
-0.11567601,0.,0.993287,0.,1.,0.,-0.993287,0.,-0.11567601,0.16164031,0.,0.49611352,0
-0.11653724,0.,0.99318632,0.,1.,0.,-0.99318632,0.,-0.11653724,0.16284615,0.,0.49601388,0
-0.11740079,0.,0.99308462,0.,1.,0.,-0.99308462,0.,-0.11740079,0.16405527,0.,0.49591292,0
-0.11826664,0.,0.99298187,0.,1.,0.,-0.99298187,0.,-0.11826664,0.16526767,0.,0.49581062,0
-0.1191348,0.,0.99287809,0.,1.,0.,-0.99287809,0.,-0.1191348,0.16648332,0.,0.49570698,0
-0.12000524,0.,0.99277326,0.,1.,0.,-0.99277326,0.,-0.12000524,0.16770221,0.,0.49560198,0
-0.12087797,0.,0.99266737,0.,1.,0.,-0.99266737,0.,-0.12087797,0.16892432,0.,0.49549562,0
-0.12175295,0.,0.99256044,0.,1.,0.,-0.99256044,0.,-0.12175295,0.17014965,0.,0.4953879,0
-0.1226302,0.,0.99245243,0.,1.,0.,-0.99245243,0.,-0.1226302,0.17137817,0.,0.49527881,0
-0.12350968,0.,0.99234337,0.,1.,0.,-0.99234337,0.,-0.12350968,0.17260987,0.,0.49516833,0
-0.12439141,0.,0.99223323,0.,1.,0.,-0.99223323,0.,-0.12439141,0.17384474,0.,0.49505647,0
-0.12527535,0.,0.99212201,0.,1.,0.,-0.99212201,0.,-0.12527535,0.17508276,0.,0.49494321,0
-0.12616151,0.,0.99200971,0.,1.,0.,-0.99200971,0.,-0.12616151,0.17632391,0.,0.49482854,0
-0.12704987,0.,0.99189633,0.,1.,0.,-0.99189633,0.,-0.12704987,0.17756819,0.,0.49471247,0
-0.12794041,0.,0.99178186,0.,1.,0.,-0.99178186,0.,-0.12794041,0.17881558,0.,0.49459497,0
-0.12883314,0.,0.99166629,0.,1.,0.,-0.99166629,0.,-0.12883314,0.18006605,0.,0.49447606,0
-0.12972804,0.,0.99154961,0.,1.,0.,-0.99154961,0.,-0.12972804,0.1813196,0.,0.4943557,0
-0.13062509,0.,0.99143184,0.,1.,0.,-0.99143184,0.,-0.13062509,0.18257622,0.,0.49423391,0
-0.1315243,0.,0.99131295,0.,1.,0.,-0.99131295,0.,-0.1315243,0.18383588,0.,0.49411067,0
-0.13242563,0.,0.99119294,0.,1.,0.,-0.99119294,0.,-0.13242563,0.18509857,0.,0.49398598,0
-0.13332909,0.,0.99107182,0.,1.,0.,-0.99107182,0.,-0.13332909,0.18636427,0.,0.49385983,0
-0.13423467,0.,0.99094957,0.,1.,0.,-0.99094957,0.,-0.13423467,0.18763298,0.,0.4937322,0
-0.13514235,0.,0.99082619,0.,1.,0.,-0.99082619,0.,-0.13514235,0.18890468,0.,0.4936031,0
-0.13605212,0.,0.99070168,0.,1.,0.,-0.99070168,0.,-0.13605212,0.19017935,0.,0.49347252,0
-0.13696397,0.,0.99057603,0.,1.,0.,-0.99057603,0.,-0.13696397,0.19145697,0.,0.49334045,0
-0.1378779,0.,0.99044923,0.,1.,0.,-0.99044923,0.,-0.1378779,0.19273753,0.,0.49320688,0
-0.13879388,0.,0.99032129,0.,1.,0.,-0.99032129,0.,-0.13879388,0.19402102,0.,0.49307181,0
-0.13971191,0.,0.99019219,0.,1.,0.,-0.99019219,0.,-0.13971191,0.19530742,0.,0.49293523,0
-0.14063197,0.,0.99006194,0.,1.,0.,-0.99006194,0.,-0.14063197,0.19659672,0.,0.49279712,0
-0.14155407,0.,0.98993053,0.,1.,0.,-0.98993053,0.,-0.14155407,0.1978889,0.,0.4926575,0
-0.14247818,0.,0.98979794,0.,1.,0.,-0.98979794,0.,-0.14247818,0.19918394,0.,0.49251634,0
-0.14340429,0.,0.98966419,0.,1.,0.,-0.98966419,0.,-0.14340429,0.20048184,0.,0.49237365,0
-0.14433239,0.,0.98952926,0.,1.,0.,-0.98952926,0.,-0.14433239,0.20178257,0.,0.49222941,0
-0.14526248,0.,0.98939315,0.,1.,0.,-0.98939315,0.,-0.14526248,0.20308612,0.,0.49208361,0
-0.14619454,0.,0.98925586,0.,1.,0.,-0.98925586,0.,-0.14619454,0.20439247,0.,0.49193626,0
-0.14712856,0.,0.98911738,0.,1.,0.,-0.98911738,0.,-0.14712856,0.20570162,0.,0.49178735,0
-0.14806453,0.,0.9889777,0.,1.,0.,-0.9889777,0.,-0.14806453,0.20701354,0.,0.49163686,0
-0.14900243,0.,0.98883683,0.,1.,0.,-0.98883683,0.,-0.14900243,0.20832821,0.,0.49148479,0
-0.14994227,0.,0.98869475,0.,1.,0.,-0.98869475,0.,-0.14994227,0.20964564,0.,0.49133114,0
-0.15088402,0.,0.98855147,0.,1.,0.,-0.98855147,0.,-0.15088402,0.21096579,0.,0.49117589,0
-0.15182767,0.,0.98840698,0.,1.,0.,-0.98840698,0.,-0.15182767,0.21228865,0.,0.49101905,0
-0.15277322,0.,0.98826127,0.,1.,0.,-0.98826127,0.,-0.15277322,0.21361421,0.,0.49086061,0
-0.15372064,0.,0.98811435,0.,1.,0.,-0.98811435,0.,-0.15372064,0.21494246,0.,0.49070055,0
-0.15466995,0.,0.9879662,0.,1.,0.,-0.9879662,0.,-0.15466995,0.21627337,0.,0.49053887,0
-0.15562111,0.,0.98781682,0.,1.,0.,-0.98781682,0.,-0.15562111,0.21760694,0.,0.49037557,0
-0.15657412,0.,0.98766621,0.,1.,0.,-0.98766621,0.,-0.15657412,0.21894314,0.,0.49021064,0
-0.15752896,0.,0.98751437,0.,1.,0.,-0.98751437,0.,-0.15752896,0.22028197,0.,0.49004408,0
-0.15848564,0.,0.98736128,0.,1.,0.,-0.98736128,0.,-0.15848564,0.2216234,0.,0.48987587,0
-0.15944413,0.,0.98720695,0.,1.,0.,-0.98720695,0.,-0.15944413,0.22296742,0.,0.48970601,0
-0.16040442,0.,0.98705138,0.,1.,0.,-0.98705138,0.,-0.16040442,0.22431402,0.,0.4895345,0
-0.16136651,0.,0.98689455,0.,1.,0.,-0.98689455,0.,-0.16136651,0.22566318,0.,0.48936132,0
-0.16233038,0.,0.98673646,0.,1.,0.,-0.98673646,0.,-0.16233038,0.22701488,0.,0.48918648,0
-0.16329602,0.,0.98657712,0.,1.,0.,-0.98657712,0.,-0.16329602,0.22836911,0.,0.48900997,0
-0.16426342,0.,0.98641651,0.,1.,0.,-0.98641651,0.,-0.16426342,0.22972586,0.,0.48883177,0
-0.16523257,0.,0.98625463,0.,1.,0.,-0.98625463,0.,-0.16523257,0.2310851,0.,0.48865189,0
-0.16620346,0.,0.98609148,0.,1.,0.,-0.98609148,0.,-0.16620346,0.23244683,0.,0.48847032,0
-0.16717607,0.,0.98592706,0.,1.,0.,-0.98592706,0.,-0.16717607,0.23381103,0.,0.48828705,0
-0.1681504,0.,0.98576135,0.,1.,0.,-0.98576135,0.,-0.1681504,0.23517767,0.,0.48810208,0
-0.16912643,0.,0.98559436,0.,1.,0.,-0.98559436,0.,-0.16912643,0.23654676,0.,0.48791539,0
-0.17010416,0.,0.98542609,0.,1.,0.,-0.98542609,0.,-0.17010416,0.23791827,0.,0.487727,0
-0.17108356,0.,0.98525652,0.,1.,0.,-0.98525652,0.,-0.17108356,0.23929218,0.,0.48753688,0
-0.17206464,0.,0.98508566,0.,1.,0.,-0.98508566,0.,-0.17206464,0.24066848,0.,0.48734503,0
-0.17304737,0.,0.9849135,0.,1.,0.,-0.9849135,0.,-0.17304737,0.24204716,0.,0.48715146,0
-0.17403176,0.,0.98474004,0.,1.,0.,-0.98474004,0.,-0.17403176,0.2434282,0.,0.48695614,0
-0.17501778,0.,0.98456527,0.,1.,0.,-0.98456527,0.,-0.17501778,0.24481158,0.,0.48675908,0
-0.17600542,0.,0.9843892,0.,1.,0.,-0.9843892,0.,-0.17600542,0.24619729,0.,0.48656028,0
-0.17699468,0.,0.98421181,0.,1.,0.,-0.98421181,0.,-0.17699468,0.24758531,0.,0.48635972,0
-0.17798554,0.,0.9840331,0.,1.,0.,-0.9840331,0.,-0.17798554,0.24897563,0.,0.4861574,0
-0.17897799,0.,0.98385308,0.,1.,0.,-0.98385308,0.,-0.17897799,0.25036823,0.,0.48595331,0
-0.17997202,0.,0.98367173,0.,1.,0.,-0.98367173,0.,-0.17997202,0.2517631,0.,0.48574745,0
-0.18096762,0.,0.98348905,0.,1.,0.,-0.98348905,0.,-0.18096762,0.25316022,0.,0.48553982,0
-0.18196478,0.,0.98330505,0.,1.,0.,-0.98330505,0.,-0.18196478,0.25455957,0.,0.4853304,0
-0.18296348,0.,0.98311971,0.,1.,0.,-0.98311971,0.,-0.18296348,0.25596114,0.,0.4851192,0
-0.18396372,0.,0.98293303,0.,1.,0.,-0.98293303,0.,-0.18396372,0.25736492,0.,0.48490621,0
-0.18496549,0.,0.98274502,0.,1.,0.,-0.98274502,0.,-0.18496549,0.25877089,0.,0.48469142,0
-0.18596876,0.,0.98255566,0.,1.,0.,-0.98255566,0.,-0.18596876,0.26017902,0.,0.48447482,0
-0.18697354,0.,0.98236495,0.,1.,0.,-0.98236495,0.,-0.18697354,0.26158932,0.,0.48425643,0
-0.1879798,0.,0.98217289,0.,1.,0.,-0.98217289,0.,-0.1879798,0.26300175,0.,0.48403621,0
-0.18898755,0.,0.98197948,0.,1.,0.,-0.98197948,0.,-0.18898755,0.26441631,0.,0.48381418,0
-0.18999676,0.,0.98178472,0.,1.,0.,-0.98178472,0.,-0.18999676,0.26583298,0.,0.48359033,0
-0.19100742,0.,0.98158859,0.,1.,0.,-0.98158859,0.,-0.19100742,0.26725175,0.,0.48336465,0
-0.19201953,0.,0.9813911,0.,1.,0.,-0.9813911,0.,-0.19201953,0.26867259,0.,0.48313714,0
-0.19303308,0.,0.98119225,0.,1.,0.,-0.98119225,0.,-0.19303308,0.2700955,0.,0.4829078,0
-0.19404804,0.,0.98099203,0.,1.,0.,-0.98099203,0.,-0.19404804,0.27152046,0.,0.48267661,0
-0.19506442,0.,0.98079043,0.,1.,0.,-0.98079043,0.,-0.19506442,0.27294744,0.,0.48244357,0
-0.19608219,0.,0.98058746,0.,1.,0.,-0.98058746,0.,-0.19608219,0.27437644,0.,0.48220869,0
-0.19710135,0.,0.98038312,0.,1.,0.,-0.98038312,0.,-0.19710135,0.27580745,0.,0.48197195,0
-0.19812189,0.,0.98017739,0.,1.,0.,-0.98017739,0.,-0.19812189,0.27724043,0.,0.48173335,0
-0.19914379,0.,0.97997028,0.,1.,0.,-0.97997028,0.,-0.19914379,0.27867539,0.,0.48149288,0
-0.20016705,0.,0.97976178,0.,1.,0.,-0.97976178,0.,-0.20016705,0.2801123,0.,0.48125055,0
-0.20119164,0.,0.9795519,0.,1.,0.,-0.9795519,0.,-0.20119164,0.28155114,0.,0.48100634,0
-0.20221757,0.,0.97934062,0.,1.,0.,-0.97934062,0.,-0.20221757,0.28299191,0.,0.48076025,0
-0.20324482,0.,0.97912795,0.,1.,0.,-0.97912795,0.,-0.20324482,0.28443458,0.,0.48051228,0
-0.20427337,0.,0.97891388,0.,1.,0.,-0.97891388,0.,-0.20427337,0.28587914,0.,0.48026243,0
-0.20530323,0.,0.97869841,0.,1.,0.,-0.97869841,0.,-0.20530323,0.28732558,0.,0.48001068,0
-0.20633436,0.,0.97848154,0.,1.,0.,-0.97848154,0.,-0.20633436,0.28877388,0.,0.47975704,0
-0.20736677,0.,0.97826327,0.,1.,0.,-0.97826327,0.,-0.20736677,0.29022402,0.,0.4795015,0
-0.20840045,0.,0.97804358,0.,1.,0.,-0.97804358,0.,-0.20840045,0.29167598,0.,0.47924406,0
-0.20943537,0.,0.97782249,0.,1.,0.,-0.97782249,0.,-0.20943537,0.29312976,0.,0.47898471,0
-0.21047153,0.,0.97759999,0.,1.,0.,-0.97759999,0.,-0.21047153,0.29458533,0.,0.47872345,0
-0.21150892,0.,0.97737607,0.,1.,0.,-0.97737607,0.,-0.21150892,0.29604268,0.,0.47846027,0
-0.21254753,0.,0.97715073,0.,1.,0.,-0.97715073,0.,-0.21254753,0.2975018,0.,0.47819518,0
-0.21358734,0.,0.97692397,0.,1.,0.,-0.97692397,0.,-0.21358734,0.29896266,0.,0.47792816,0
-0.21462835,0.,0.97669579,0.,1.,0.,-0.97669579,0.,-0.21462835,0.30042526,0.,0.47765922,0
-0.21567054,0.,0.97646619,0.,1.,0.,-0.97646619,0.,-0.21567054,0.30188957,0.,0.47738834,0
-0.2167139,0.,0.97623516,0.,1.,0.,-0.97623516,0.,-0.2167139,0.30335558,0.,0.47711553,0
-0.21775842,0.,0.9760027,0.,1.,0.,-0.9760027,0.,-0.21775842,0.30482328,0.,0.47684079,0
-0.21880409,0.,0.97576881,0.,1.,0.,-0.97576881,0.,-0.21880409,0.30629265,0.,0.4765641,0
-0.21985089,0.,0.97553349,0.,1.,0.,-0.97553349,0.,-0.21985089,0.30776366,0.,0.47628547,0
-0.22089882,0.,0.97529673,0.,1.,0.,-0.97529673,0.,-0.22089882,0.30923632,0.,0.47600489,0
-0.22194786,0.,0.97505853,0.,1.,0.,-0.97505853,0.,-0.22194786,0.3107106,0.,0.47572236,0
-0.22299801,0.,0.9748189,0.,1.,0.,-0.9748189,0.,-0.22299801,0.31218648,0.,0.47543787,0
-0.22404925,0.,0.97457782,0.,1.,0.,-0.97457782,0.,-0.22404925,0.31366395,0.,0.47515142,0
-0.22510156,0.,0.97433531,0.,1.,0.,-0.97433531,0.,-0.22510156,0.315143,0.,0.47486302,0
-0.22615495,0.,0.97409134,0.,1.,0.,-0.97409134,0.,-0.22615495,0.31662361,0.,0.47457264,0
-0.22720939,0.,0.97384593,0.,1.,0.,-0.97384593,0.,-0.22720939,0.31810575,0.,0.4742803,0
-0.22826487,0.,0.97359907,0.,1.,0.,-0.97359907,0.,-0.22826487,0.31958943,0.,0.47398599,0
-0.22932139,0.,0.97335076,0.,1.,0.,-0.97335076,0.,-0.22932139,0.32107461,0.,0.47368971,0
-0.23037893,0.,0.973101,0.,1.,0.,-0.973101,0.,-0.23037893,0.32256129,0.,0.47339144,0
-0.23143749,0.,0.97284978,0.,1.,0.,-0.97284978,0.,-0.23143749,0.32404944,0.,0.4730912,0
-0.23249704,0.,0.9725971,0.,1.,0.,-0.9725971,0.,-0.23249704,0.32553906,0.,0.47278897,0
-0.23355758,0.,0.97234297,0.,1.,0.,-0.97234297,0.,-0.23355758,0.32703013,0.,0.47248476,0
-0.2346191,0.,0.97208738,0.,1.,0.,-0.97208738,0.,-0.2346191,0.32852263,0.,0.47217856,0
-0.23568158,0.,0.97183033,0.,1.,0.,-0.97183033,0.,-0.23568158,0.33001654,0.,0.47187037,0
-0.23674501,0.,0.97157182,0.,1.,0.,-0.97157182,0.,-0.23674501,0.33151185,0.,0.47156018,0
-0.23780939,0.,0.97131184,0.,1.,0.,-0.97131184,0.,-0.23780939,0.33300854,0.,0.471248,0
-0.2388747,0.,0.9710504,0.,1.,0.,-0.9710504,0.,-0.2388747,0.33450661,0.,0.47093381,0
-0.23994093,0.,0.97078749,0.,1.,0.,-0.97078749,0.,-0.23994093,0.33600602,0.,0.47061763,0
-0.24100807,0.,0.97052311,0.,1.,0.,-0.97052311,0.,-0.24100807,0.33750677,0.,0.47029944,0
-0.2420761,0.,0.97025727,0.,1.,0.,-0.97025727,0.,-0.2420761,0.33900884,0.,0.46997924,0
-0.24314502,0.,0.96998995,0.,1.,0.,-0.96998995,0.,-0.24314502,0.34051221,0.,0.46965704,0
-0.24421481,0.,0.96972116,0.,1.,0.,-0.96972116,0.,-0.24421481,0.34201687,0.,0.46933282,0
-0.24528546,0.,0.9694509,0.,1.,0.,-0.9694509,0.,-0.24528546,0.34352281,0.,0.46900659,0
-0.24635696,0.,0.96917916,0.,1.,0.,-0.96917916,0.,-0.24635696,0.34502999,0.,0.46867835,0
-0.24742931,0.,0.96890595,0.,1.,0.,-0.96890595,0.,-0.24742931,0.34653842,0.,0.46834808,0
-0.24850248,0.,0.96863126,0.,1.,0.,-0.96863126,0.,-0.24850248,0.34804808,0.,0.4680158,0
-0.24957646,0.,0.96835509,0.,1.,0.,-0.96835509,0.,-0.24957646,0.34955894,0.,0.46768149,0
-0.25065126,0.,0.96807745,0.,1.,0.,-0.96807745,0.,-0.25065126,0.351071,0.,0.46734516,0
-0.25172684,0.,0.96779832,0.,1.,0.,-0.96779832,0.,-0.25172684,0.35258423,0.,0.4670068,0
-0.25280321,0.,0.96751772,0.,1.,0.,-0.96751772,0.,-0.25280321,0.35409862,0.,0.46666642,0
-0.25388035,0.,0.96723563,0.,1.,0.,-0.96723563,0.,-0.25388035,0.35561416,0.,0.46632401,0
-0.25495825,0.,0.96695206,0.,1.,0.,-0.96695206,0.,-0.25495825,0.35713082,0.,0.46597956,0
-0.25603689,0.,0.96666701,0.,1.,0.,-0.96666701,0.,-0.25603689,0.3586486,0.,0.46563308,0
-0.25711628,0.,0.96638047,0.,1.,0.,-0.96638047,0.,-0.25711628,0.36016748,0.,0.46528457,0
-0.25819638,0.,0.96609245,0.,1.,0.,-0.96609245,0.,-0.25819638,0.36168744,0.,0.46493402,0
-0.25927721,0.,0.96580295,0.,1.,0.,-0.96580295,0.,-0.25927721,0.36320846,0.,0.46458143,0
-0.26035873,0.,0.96551195,0.,1.,0.,-0.96551195,0.,-0.26035873,0.36473054,0.,0.46422681,0
-0.26144094,0.,0.96521947,0.,1.,0.,-0.96521947,0.,-0.26144094,0.36625365,0.,0.46387014,0
-0.26252384,0.,0.96492551,0.,1.,0.,-0.96492551,0.,-0.26252384,0.36777777,0.,0.46351143,0
-0.2636074,0.,0.96463005,0.,1.,0.,-0.96463005,0.,-0.2636074,0.3693029,0.,0.46315068,0
-0.26469161,0.,0.96433311,0.,1.,0.,-0.96433311,0.,-0.26469161,0.37082901,0.,0.46278788,0
-0.26577648,0.,0.96403468,0.,1.,0.,-0.96403468,0.,-0.26577648,0.37235609,0.,0.46242304,0
-0.26686197,0.,0.96373476,0.,1.,0.,-0.96373476,0.,-0.26686197,0.37388413,0.,0.46205615,0
-0.26794809,0.,0.96343335,0.,1.,0.,-0.96343335,0.,-0.26794809,0.37541311,0.,0.46168721,0
-0.26903482,0.,0.96313045,0.,1.,0.,-0.96313045,0.,-0.26903482,0.37694301,0.,0.46131623,0
-0.27012215,0.,0.96282606,0.,1.,0.,-0.96282606,0.,-0.27012215,0.37847381,0.,0.46094319,0
-0.27121007,0.,0.96252018,0.,1.,0.,-0.96252018,0.,-0.27121007,0.38000551,0.,0.46056811,0
-0.27229857,0.,0.96221281,0.,1.,0.,-0.96221281,0.,-0.27229857,0.38153808,0.,0.46019097,0
-0.27338763,0.,0.96190395,0.,1.,0.,-0.96190395,0.,-0.27338763,0.38307151,0.,0.45981178,0
-0.27447724,0.,0.9615936,0.,1.,0.,-0.9615936,0.,-0.27447724,0.38460579,0.,0.45943054,0
-0.2755674,0.,0.96128175,0.,1.,0.,-0.96128175,0.,-0.2755674,0.38614089,0.,0.45904724,0
-0.27665809,0.,0.96096842,0.,1.,0.,-0.96096842,0.,-0.27665809,0.3876768,0.,0.45866189,0
-0.2777493,0.,0.96065359,0.,1.,0.,-0.96065359,0.,-0.2777493,0.38921351,0.,0.45827449,0
-0.27884101,0.,0.96033728,0.,1.,0.,-0.96033728,0.,-0.27884101,0.390751,0.,0.45788503,0
-0.27993323,0.,0.96001947,0.,1.,0.,-0.96001947,0.,-0.27993323,0.39228926,0.,0.45749351,0
-0.28102593,0.,0.95970018,0.,1.,0.,-0.95970018,0.,-0.28102593,0.39382826,0.,0.45709994,0
-0.2821191,0.,0.95937939,0.,1.,0.,-0.95937939,0.,-0.2821191,0.39536799,0.,0.45670432,0
-0.28321274,0.,0.95905711,0.,1.,0.,-0.95905711,0.,-0.28321274,0.39690844,0.,0.45630663,0
-0.28430683,0.,0.95873334,0.,1.,0.,-0.95873334,0.,-0.28430683,0.39844959,0.,0.45590689,0
-0.28540137,0.,0.95840809,0.,1.,0.,-0.95840809,0.,-0.28540137,0.39999143,0.,0.4555051,0
-0.28649633,0.,0.95808134,0.,1.,0.,-0.95808134,0.,-0.28649633,0.40153394,0.,0.45510124,0
-0.28759171,0.,0.95775311,0.,1.,0.,-0.95775311,0.,-0.28759171,0.4030771,0.,0.45469533,0
-0.28868749,0.,0.95742338,0.,1.,0.,-0.95742338,0.,-0.28868749,0.4046209,0.,0.45428737,0
-0.28978367,0.,0.95709217,0.,1.,0.,-0.95709217,0.,-0.28978367,0.40616532,0.,0.45387735,0
-0.29088024,0.,0.95675947,0.,1.,0.,-0.95675947,0.,-0.29088024,0.40771034,0.,0.45346527,0
-0.29197718,0.,0.95642529,0.,1.,0.,-0.95642529,0.,-0.29197718,0.40925596,0.,0.45305113,0
-0.29307448,0.,0.95608961,0.,1.,0.,-0.95608961,0.,-0.29307448,0.41080215,0.,0.45263495,0
-0.29417213,0.,0.95575246,0.,1.,0.,-0.95575246,0.,-0.29417213,0.4123489,0.,0.4522167,0
-0.29527012,0.,0.95541381,0.,1.,0.,-0.95541381,0.,-0.29527012,0.4138962,0.,0.4517964,0
-0.29636844,0.,0.95507369,0.,1.,0.,-0.95507369,0.,-0.29636844,0.41544402,0.,0.45137405,0
-0.29746707,0.,0.95473208,0.,1.,0.,-0.95473208,0.,-0.29746707,0.41699235,0.,0.45094964,0
-0.29856601,0.,0.95438899,0.,1.,0.,-0.95438899,0.,-0.29856601,0.41854118,0.,0.45052318,0
-0.29966525,0.,0.95404441,0.,1.,0.,-0.95404441,0.,-0.29966525,0.42009049,0.,0.45009467,0
-0.30076477,0.,0.95369836,0.,1.,0.,-0.95369836,0.,-0.30076477,0.42164027,0.,0.4496641,0
-0.30186455,0.,0.95335082,0.,1.,0.,-0.95335082,0.,-0.30186455,0.42319049,0.,0.44923149,0
-0.3029646,0.,0.95300181,0.,1.,0.,-0.95300181,0.,-0.3029646,0.42474115,0.,0.44879682,0
-0.3040649,0.,0.95265132,0.,1.,0.,-0.95265132,0.,-0.3040649,0.42629222,0.,0.44836011,0
-0.30516544,0.,0.95229935,0.,1.,0.,-0.95229935,0.,-0.30516544,0.4278437,0.,0.44792134,0
-0.30626621,0.,0.95194591,0.,1.,0.,-0.95194591,0.,-0.30626621,0.42939557,0.,0.44748053,0
-0.30736719,0.,0.95159099,0.,1.,0.,-0.95159099,0.,-0.30736719,0.4309478,0.,0.44703768,0
-0.30846837,0.,0.9512346,0.,1.,0.,-0.9512346,0.,-0.30846837,0.43250039,0.,0.44659278,0
-0.30956975,0.,0.95087674,0.,1.,0.,-0.95087674,0.,-0.30956975,0.43405332,0.,0.44614584,0
-0.31067131,0.,0.95051741,0.,1.,0.,-0.95051741,0.,-0.31067131,0.43560657,0.,0.44569685,0
-0.31177304,0.,0.9501566,0.,1.,0.,-0.9501566,0.,-0.31177304,0.43716013,0.,0.44524582,0
-0.31287493,0.,0.94979433,0.,1.,0.,-0.94979433,0.,-0.31287493,0.43871399,0.,0.44479276,0
-0.31397697,0.,0.9494306,0.,1.,0.,-0.9494306,0.,-0.31397697,0.44026812,0.,0.44433765,0
-0.31507915,0.,0.9490654,0.,1.,0.,-0.9490654,0.,-0.31507915,0.44182251,0.,0.44388051,0
-0.31618146,0.,0.94869873,0.,1.,0.,-0.94869873,0.,-0.31618146,0.44337715,0.,0.44342134,0
-0.31728388,0.,0.94833061,0.,1.,0.,-0.94833061,0.,-0.31728388,0.44493202,0.,0.44296013,0
-0.31838641,0.,0.94796102,0.,1.,0.,-0.94796102,0.,-0.31838641,0.4464871,0.,0.44249689,0
-0.31948903,0.,0.94758998,0.,1.,0.,-0.94758998,0.,-0.31948903,0.44804239,0.,0.44203162,0
-0.32059173,0.,0.94721747,0.,1.,0.,-0.94721747,0.,-0.32059173,0.44959786,0.,0.44156433,0
-0.3216945,0.,0.94684352,0.,1.,0.,-0.94684352,0.,-0.3216945,0.45115349,0.,0.44109501,0
-0.32279733,0.,0.94646811,0.,1.,0.,-0.94646811,0.,-0.32279733,0.45270928,0.,0.44062366,0
-0.32390022,0.,0.94609125,0.,1.,0.,-0.94609125,0.,-0.32390022,0.45426521,0.,0.44015029,0
-0.32500314,0.,0.94571294,0.,1.,0.,-0.94571294,0.,-0.32500314,0.45582126,0.,0.4396749,0
-0.32610609,0.,0.94533318,0.,1.,0.,-0.94533318,0.,-0.32610609,0.45737741,0.,0.4391975,0
-0.32720905,0.,0.94495198,0.,1.,0.,-0.94495198,0.,-0.32720905,0.45893366,0.,0.43871808,0
-0.32831202,0.,0.94456933,0.,1.,0.,-0.94456933,0.,-0.32831202,0.46048998,0.,0.43823665,0
-0.32941499,0.,0.94418524,0.,1.,0.,-0.94418524,0.,-0.32941499,0.46204636,0.,0.4377532,0
-0.33051793,0.,0.94379971,0.,1.,0.,-0.94379971,0.,-0.33051793,0.46360279,0.,0.43726775,0
-0.33162085,0.,0.94341275,0.,1.,0.,-0.94341275,0.,-0.33162085,0.46515925,0.,0.43678029,0
