0.,0.,1.,0.,1.,0.,-1.,0.,0.,0.,0.,0.5,0
-0.00000184,-0.00000445,1.,-0.00000184,1.,0.00000445,-1.,-0.00000184,-0.00000184,0.00000256,0.00000258,0.50000011,0
-0.00000737,-0.00001779,1.,-0.00000737,1.,0.00001779,-1.,-0.00000737,-0.00000737,0.00001024,0.00001032,0.50000044,0
-0.00001658,-0.00004,1.,-0.00001657,1.,0.00004,-1.,-0.00001657,-0.00001658,0.00002302,0.00002321,0.50000098,0
-0.00002946,-0.00007106,1.,-0.00002944,1.,0.00007106,-1.,-0.00002943,-0.00002946,0.0000409,0.00004123,0.50000175,0
-0.000046,-0.00011096,0.99999999,-0.00004596,0.99999999,0.00011096,-1.,-0.00004596,-0.000046,0.00006386,0.00006438,0.50000273,0
-0.00006619,-0.00015968,0.99999999,-0.00006614,0.99999999,0.00015967,-1.,-0.00006613,-0.0000662,0.0000919,0.00009265,0.50000392,0
-0.00009002,-0.00021719,0.99999997,-0.00008997,0.99999997,0.00021719,-0.99999999,-0.00008995,-0.00009004,0.000125,0.00012603,0.50000533,0
-0.0001175,-0.00028349,0.99999995,-0.00011744,0.99999995,0.00028348,-0.99999999,-0.00011741,-0.00011753,0.00016315,0.0001645,0.50000695,0
-0.00014861,-0.00035856,0.99999992,-0.00014854,0.99999992,0.00035853,-0.99999998,-0.00014849,-0.00014866,0.00020634,0.00020806,0.50000879,0
-0.00018333,-0.00044237,0.99999989,-0.00018327,0.99999989,0.00044234,-0.99999997,-0.00018319,-0.00018341,0.00025456,0.00025671,0.50001083,0
-0.00022167,-0.00053491,0.99999983,-0.00022162,0.99999983,0.00053486,-0.99999995,-0.0002215,-0.00022179,0.0003078,0.00031042,0.50001309,0
-0.00026362,-0.00063617,0.99999976,-0.00026358,0.99999976,0.0006361,-0.99999993,-0.00026341,-0.00026379,0.00036604,0.0003692,0.50001555,0
-0.00030916,-0.00074612,0.99999967,-0.00030915,0.99999967,0.00074602,-0.9999999,-0.00030892,-0.00030939,0.00042928,0.00043303,0.50001822,0
-0.00035829,-0.00086474,0.99999956,-0.00035832,0.99999956,0.00086462,-0.99999987,-0.00035801,-0.0003586,0.0004975,0.0005019,0.50002109,0
-0.000411,-0.00099203,0.99999942,-0.00041108,0.99999942,0.00099186,-0.99999983,-0.00041067,-0.00041141,0.00057068,0.00057581,0.50002416,0
-0.00046728,-0.00112797,0.99999925,-0.00046744,0.99999925,0.00112775,-0.99999978,-0.00046691,-0.00046781,0.00064883,0.00065475,0.50002744,0
-0.00052712,-0.00127252,0.99999905,-0.00052737,0.99999905,0.00127225,-0.99999972,-0.0005267,-0.00052779,0.00073192,0.0007387,0.50003091,0
-0.00059052,-0.00142569,0.99999881,-0.00059089,0.99999881,0.00142534,-0.99999965,-0.00059005,-0.00059136,0.00081995,0.00082767,0.50003458,0
-0.00065746,-0.00158745,0.99999852,-0.00065798,0.99999852,0.00158702,-0.99999957,-0.00065693,-0.0006585,0.00091289,0.00092164,0.50003844,0
-0.00072793,-0.00175779,0.99999819,-0.00072863,0.99999819,0.00175726,-0.99999947,-0.00072735,-0.00072921,0.00101074,0.00102061,0.50004249,0
-0.00080193,-0.00193668,0.9999978,-0.00080284,0.9999978,0.00193603,-0.99999936,-0.00080129,-0.00080348,0.00111349,0.00112456,0.50004673,0
-0.00087944,-0.00212411,0.99999736,-0.00088061,0.99999736,0.00212334,-0.99999923,-0.00087874,-0.00088131,0.00122112,0.00123349,0.50005116,0
-0.00096046,-0.00232007,0.99999685,-0.00096193,0.99999685,0.00231914,-0.99999908,-0.0009597,-0.00096269,0.00133363,0.0013474,0.50005577,0
-0.00104498,-0.00252453,0.99999627,-0.00104679,0.99999627,0.00252343,-0.99999891,-0.00104415,-0.00104762,0.00145098,0.00146626,0.50006056,0
-0.00113299,-0.00273748,0.99999561,-0.00113519,0.99999561,0.00273619,-0.99999871,-0.00113208,-0.00113609,0.00157318,0.00159009,0.50006553,0
-0.00122447,-0.0029589,0.99999487,-0.00122712,0.99999487,0.0029574,-0.9999985,-0.00122349,-0.0012281,0.00170021,0.00171887,0.50007067,0
-0.00131942,-0.00318878,0.99999405,-0.00132258,0.99999405,0.00318704,-0.99999825,-0.00131837,-0.00132363,0.00183206,0.00185258,0.50007598,0
-0.00141783,-0.0034271,0.99999312,-0.00142157,0.99999312,0.00342509,-0.99999798,-0.0014167,-0.0014227,0.00196871,0.00199124,0.50008146,0
-0.00151969,-0.00367384,0.9999921,-0.00152407,0.9999921,0.00367153,-0.99999768,-0.00151848,-0.00152528,0.00211015,0.00213482,0.50008711,0
-0.00162499,-0.00392899,0.99999096,-0.00163009,0.99999096,0.00392634,-0.99999735,-0.00162369,-0.00163138,0.00225636,0.00228333,0.50009292,0
-0.00173372,-0.00419252,0.99998971,-0.00173962,0.99998971,0.00418951,-0.99999698,-0.00173233,-0.001741,0.00240733,0.00243675,0.50009888,0
-0.00184587,-0.00446443,0.99998833,-0.00185265,0.99998833,0.00446101,-0.99999658,-0.00184439,-0.00185412,0.00256306,0.00259508,0.500105,0
-0.00196142,-0.00474469,0.99998682,-0.00196918,0.99998682,0.00474083,-0.99999614,-0.00195985,-0.00197074,0.00272351,0.00275831,0.50011127,0
-0.00208037,-0.00503329,0.99998517,-0.0020892,0.99998517,0.00502894,-0.99999565,-0.00207871,-0.00209086,0.00288868,0.00292644,0.50011769,0
-0.00220271,-0.00533021,0.99998337,-0.00221272,0.99998337,0.00532533,-0.99999513,-0.00220095,-0.00221447,0.00305856,0.00309945,0.50012425,0
-0.00232843,-0.00563543,0.99998141,-0.00233972,0.99998141,0.00562998,-0.99999455,-0.00232657,-0.00234157,0.00323313,0.00327736,0.50013095,0
-0.00245752,-0.00594894,0.99997929,-0.0024702,0.99997929,0.00594287,-0.99999393,-0.00245555,-0.00247216,0.00341238,0.00346014,0.50013779,0
-0.00258996,-0.00627073,0.99997698,-0.00260417,0.99997699,0.00626398,-0.99999326,-0.00258788,-0.00260623,0.00359628,0.00364779,0.50014475,0
-0.00272574,-0.00660077,0.9999745,-0.0027416,0.99997451,0.00659329,-0.99999253,-0.00272356,-0.00274377,0.00378483,0.00384031,0.50015185,0
-0.00286486,-0.00693904,0.99997182,-0.0028825,0.99997183,0.00693079,-0.99999174,-0.00286257,-0.00288478,0.00397802,0.00403768,0.50015906,0
-0.00300731,-0.00728554,0.99996894,-0.00302687,0.99996895,0.00727644,-0.9999909,-0.0030049,-0.00302927,0.00417581,0.00423992,0.5001664,0
-0.00315307,-0.00764025,0.99996584,-0.0031747,0.99996585,0.00763024,-0.99998999,-0.00315054,-0.00317721,0.00437821,0.004447,0.50017385,0
-0.00330213,-0.00800314,0.99996252,-0.00332599,0.99996253,0.00799216,-0.99998902,-0.00329948,-0.00332862,0.0045852,0.00465892,0.50018141,0
-0.00345448,-0.0083742,0.99995897,-0.00348073,0.99995898,0.00836218,-0.99998798,-0.0034517,-0.00348348,0.00479676,0.00487569,0.50018907,0
-0.00361011,-0.00875343,0.99995517,-0.00363893,0.99995518,0.00874029,-0.99998686,-0.00360721,-0.0036418,0.00501287,0.00509728,0.50019683,0
-0.00376901,-0.00914079,0.99995112,-0.00380056,0.99995113,0.00912646,-0.99998568,-0.00376598,-0.00380356,0.00523352,0.00532371,0.50020469,0
-0.00393116,-0.00953627,0.9999468,-0.00396564,0.99994681,0.00952068,-0.99998441,-0.003928,-0.00396877,0.00545869,0.00555496,0.50021264,0
-0.00409657,-0.00993986,0.99994221,-0.00413416,0.99994222,0.00992292,-0.99998306,-0.00409327,-0.00413742,0.00568837,0.00579102,0.50022067,0
-0.0042652,-0.01035154,0.99993732,-0.00430611,0.99993734,0.01033317,-0.99998163,-0.00426177,-0.00430951,0.00592255,0.0060319,0.50022878,0
-0.00443706,-0.01077129,0.99993214,-0.0044815,0.99993216,0.0107514,-0.99998011,-0.00443349,-0.00448503,0.0061612,0.00627759,0.50023697,0
-0.00461213,-0.0111991,0.99992665,-0.00466031,0.99992667,0.01117761,-0.9999785,-0.00460842,-0.00466399,0.00640431,0.00652808,0.50024523,0
-0.0047904,-0.01163495,0.99992084,-0.00484255,0.99992086,0.01161175,-0.9999768,-0.00478655,-0.00484637,0.00665187,0.00678338,0.50025356,0
-0.00497186,-0.01207883,0.99991469,-0.00502822,0.99991471,0.01205383,-0.999975,-0.00496786,-0.00503217,0.00690385,0.00704346,0.50026194,0
-0.0051565,-0.01253071,0.99990819,-0.0052173,0.99990821,0.01250381,-0.99997309,-0.00515234,-0.0052214,0.00716025,0.00730834,0.50027038,0
-0.0053443,-0.01299059,0.99990134,-0.00540979,0.99990136,0.01296167,-0.99997109,-0.00533999,-0.00541405,0.00742104,0.007578,0.50027886,0
-0.00553525,-0.01345844,0.99989411,-0.0056057,0.99989413,0.01342741,-0.99996897,-0.00553078,-0.00561011,0.00768621,0.00785244,0.50028739,0
-0.00572934,-0.01393425,0.9998865,-0.00580502,0.99988653,0.01390099,-0.99996674,-0.00572472,-0.00580958,0.00795574,0.00813166,0.50029596,0
-0.00592656,-0.014418,0.99987849,-0.00600774,0.99987852,0.01438239,-0.99996439,-0.00592177,-0.00601246,0.00822962,0.00841566,0.50030456,0
-0.0061269,-0.01490968,0.99987007,-0.00621387,0.9998701,0.01487161,-0.99996192,-0.00612195,-0.00621875,0.00850782,0.00870442,0.50031318,0
-0.00633034,-0.01540927,0.99986123,-0.0064234,0.99986126,0.01536861,-0.99995933,-0.00632522,-0.00642844,0.00879034,0.00899795,0.50032183,0
-0.00653687,-0.01591676,0.99985195,-0.00663632,0.99985199,0.01587337,-0.99995661,-0.00653158,-0.00664153,0.00907715,0.00929624,0.50033049,0
-0.00674648,-0.01643212,0.99984222,-0.00685265,0.99984226,0.01638589,-0.99995376,-0.00674102,-0.00685802,0.00936824,0.00959929,0.50033915,0
-0.00695915,-0.01695535,0.99983203,-0.00707236,0.99983207,0.01690612,-0.99995077,-0.00695352,-0.0070779,0.00966358,0.00990709,0.50034782,0
-0.00717489,-0.01748642,0.99982136,-0.00729546,0.9998214,0.01743407,-0.99994765,-0.00716907,-0.00730118,0.00996318,0.01021964,0.50035649,0
-0.00739366,-0.01802532,0.99981019,-0.00752196,0.99981024,0.01796969,-0.99994438,-0.00738767,-0.00752784,0.01026699,0.01053694,0.50036514,0
-0.00761546,-0.01857203,0.99979852,-0.00775183,0.99979857,0.01851299,-0.99994096,-0.00760928,-0.00775789,0.01057502,0.01085898,0.50037378,0
-0.00784028,-0.01912654,0.99978633,-0.00798509,0.99978638,0.01906392,-0.99993738,-0.00783392,-0.00799133,0.01088723,0.01118576,0.50038239,0
-0.0080681,-0.01968883,0.9997736,-0.00822173,0.99977366,0.01962248,-0.99993365,-0.00806155,-0.00822815,0.01120362,0.01151728,0.50039098,0
-0.00829891,-0.02025888,0.99976032,-0.00846174,0.99976038,0.02018864,-0.99992976,-0.00829217,-0.00846835,0.01152416,0.01185353,0.50039953,0
-0.0085327,-0.02083668,0.99974648,-0.00870513,0.99974654,0.02076239,-0.9999257,-0.00852577,-0.00871193,0.01184884,0.01219451,0.50040804,0
-0.00876946,-0.02142222,0.99973206,-0.0089519,0.99973212,0.02134369,-0.99992148,-0.00876232,-0.00895888,0.01217764,0.01254022,0.5004165,0
-0.00900916,-0.02201547,0.99971704,-0.00920203,0.9997171,0.02193254,-0.99991708,-0.00900183,-0.0092092,0.01251054,0.01289066,0.5004249,0
-0.00925181,-0.02261642,0.99970141,-0.00945553,0.99970148,0.02252891,-0.99991249,-0.00924427,-0.0094629,0.01284752,0.01324581,0.50043324,0
-0.00949738,-0.02322505,0.99968515,-0.0097124,0.99968522,0.02313278,-0.99990773,-0.00948964,-0.00971996,0.01318856,0.01360568,0.50044151,0
-0.00974586,-0.02384134,0.99966825,-0.00997263,0.99966833,0.02374412,-0.99990278,-0.00973792,-0.00998039,0.01353366,0.01397026,0.50044971,0
-0.00999724,-0.02446529,0.99965069,-0.01023622,0.99965077,0.02436293,-0.99989763,-0.00998909,-0.01024418,0.01388278,0.01433956,0.50045782,0
-0.01025151,-0.02509688,0.99963246,-0.01050318,0.99963254,0.02498917,-0.99989229,-0.01024314,-0.01051134,0.01423591,0.01471357,0.50046585,0
-0.01050865,-0.02573608,0.99961354,-0.01077349,0.99961363,0.02562282,-0.99988674,-0.01050006,-0.01078185,0.01459303,0.01509228,0.50047377,0
-0.01076864,-0.02638288,0.99959391,-0.01104716,0.999594,0.02626387,-0.99988099,-0.01075984,-0.01105573,0.01495412,0.0154757,0.50048159,0
-0.01103149,-0.02703727,0.99957356,-0.01132418,0.99957365,0.0269123,-0.99987503,-0.01102246,-0.01133296,0.01531916,0.01586382,0.50048931,0
-0.01129716,-0.02769923,0.99955246,-0.01160455,0.99955257,0.02756807,-0.99986885,-0.01128791,-0.01161354,0.01568815,0.01625663,0.5004969,0
-0.01156565,-0.02836874,0.99953062,-0.01188827,0.99953072,0.02823118,-0.99986244,-0.01155618,-0.01189748,0.01606104,0.01665415,0.50050436,0
-0.01183695,-0.02904578,0.99950799,-0.01217534,0.99950811,0.0289016,-0.99985581,-0.01182725,-0.01218477,0.01643783,0.01705635,0.5005117,0
-0.01211103,-0.02973035,0.99948458,-0.01246576,0.9994847,0.0295793,-0.99984895,-0.0121011,-0.0124754,0.0168185,0.01746325,0.50051889,0
-0.01238789,-0.03042242,0.99946036,-0.01275952,0.99946049,0.03026428,-0.99984185,-0.01237773,-0.01276939,0.01720303,0.01787484,0.50052594,0
-0.01266752,-0.03112198,0.99943532,-0.01305663,0.99943545,0.03095649,-0.99983452,-0.01265712,-0.01306671,0.0175914,0.01829111,0.50053283,0
-0.01294989,-0.03182901,0.99940943,-0.01335708,0.99940957,0.03165594,-0.99982693,-0.01293925,-0.01336739,0.01798358,0.01871207,0.50053956,0
-0.013235,-0.03254349,0.99938269,-0.01366086,0.99938283,0.03236258,-0.99981909,-0.01322411,-0.0136714,0.01837957,0.01913771,0.50054611,0
-0.01352282,-0.03326542,0.99935506,-0.01396799,0.99935522,0.03307641,-0.999811,-0.0135117,-0.01397875,0.01877934,0.01956803,0.50055249,0
-0.01381336,-0.03399476,0.99932655,-0.01427845,0.9993267,0.0337974,-0.99980264,-0.01380198,-0.01428945,0.01918287,0.02000302,0.50055868,0
-0.01410658,-0.03473151,0.99929712,-0.01459225,0.99929728,0.03452553,-0.99979401,-0.01409496,-0.01460348,0.01959014,0.0204427,0.50056468,0
-0.01440248,-0.03547565,0.99926675,-0.01490938,0.99926693,0.03526077,-0.99978512,-0.0143906,-0.01492084,0.02000113,0.02088704,0.50057048,0
-0.01470105,-0.03622716,0.99923544,-0.01522984,0.99923562,0.0360031,-0.99977594,-0.01468891,-0.01524154,0.02041582,0.02133606,0.50057607,0
-0.01500226,-0.03698603,0.99920317,-0.01555364,0.99920335,0.03675251,-0.99976648,-0.01498987,-0.01556558,0.0208342,0.02178975,0.50058144,0
-0.01530611,-0.03775224,0.9991699,-0.01588076,0.99917009,0.03750897,-0.99975673,-0.01529346,-0.01589294,0.02125623,0.02224811,0.50058659,0
-0.01561258,-0.03852577,0.99913563,-0.01621121,0.99913583,0.03827246,-0.99974669,-0.01559966,-0.01622364,0.02168191,0.02271113,0.5005915,0
-0.01592165,-0.03930661,0.99910034,-0.01654498,0.99910055,0.03904296,-0.99973635,-0.01590847,-0.01655766,0.02211121,0.02317881,0.50059617,0
-0.01623332,-0.04009474,0.99906401,-0.01688209,0.99906423,0.03982044,-0.9997257,-0.01621987,-0.01689501,0.02254411,0.02365116,0.50060059,0
-0.01654755,-0.04089014,0.99902661,-0.01722251,0.99902684,0.04060488,-0.99971474,-0.01653383,-0.01723568,0.02298059,0.02412817,0.50060476,0
-0.01686436,-0.0416928,0.99898814,-0.01756626,0.99898838,0.04139627,-0.99970347,-0.01685036,-0.01757968,0.02342064,0.02460984,0.50060865,0
-0.0171837,-0.0425027,0.99894857,-0.01791333,0.99894881,0.04219457,-0.99969187,-0.01716943,-0.017927,0.02386422,0.02509616,0.50061228,0
-0.01750558,-0.04331982,0.99890788,-0.01826371,0.99890813,0.04299977,-0.99967994,-0.01749103,-0.01827765,0.02431132,0.02558714,0.50061562,0
-0.01782998,-0.04414415,0.99886605,-0.01861742,0.99886631,0.04381184,-0.99966769,-0.01781515,-0.01863161,0.02476192,0.02608277,0.50061867,0
-0.01815687,-0.04497567,0.99882307,-0.01897444,0.99882334,0.04463076,-0.99965509,-0.01814176,-0.0189889,0.025216,0.02658306,0.50062142,0
-0.01848626,-0.04581437,0.99877891,-0.01933478,0.99877919,0.04545652,-0.99964215,-0.01847085,-0.0193495,0.02567354,0.02708799,0.50062387,0
-0.01881811,-0.04666022,0.99873355,-0.01969844,0.99873385,0.04628907,-0.99962886,-0.01880242,-0.01971342,0.02613451,0.02759758,0.500626,0
-0.01915242,-0.04751321,0.99868698,-0.02006541,0.99868728,0.04712842,-0.99961521,-0.01913644,-0.02008065,0.0265989,0.02811181,0.5006278,0
-0.01948917,-0.04837332,0.99863917,-0.02043569,0.99863949,0.04797452,-0.9996012,-0.01947289,-0.0204512,0.02706668,0.02863068,0.50062927,0
-0.01982835,-0.04924054,0.99859011,-0.02080928,0.99859044,0.04882736,-0.99958682,-0.01981177,-0.02082506,0.02753784,0.02915421,0.5006304,0
-0.02016994,-0.05011485,0.99853977,-0.02118618,0.99854011,0.04968692,-0.99957207,-0.02015306,-0.02120224,0.02801234,0.02968237,0.50063118,0
-0.02051392,-0.05099623,0.99848814,-0.02156639,0.99848849,0.05055317,-0.99955694,-0.02049674,-0.02158272,0.02849018,0.03021517,0.5006316,0
-0.02086029,-0.05188466,0.99843519,-0.02194991,0.99843556,0.05142608,-0.99954142,-0.0208428,-0.02196652,0.02897133,0.03075262,0.50063166,0
-0.02120902,-0.05278014,0.99838091,-0.02233674,0.99838128,0.05230565,-0.99952551,-0.02119122,-0.02235362,0.02945577,0.0312947,0.50063133,0
-0.02156009,-0.05368264,0.99832527,-0.02272687,0.99832566,0.05319184,-0.99950921,-0.02154199,-0.02274403,0.02994347,0.03184142,0.50063063,0
-0.0219135,-0.05459214,0.99826825,-0.02312031,0.99826865,0.05408463,-0.9994925,-0.02189508,-0.02313775,0.03043442,0.03239278,0.50062952,0
-0.02226923,-0.05550862,0.99820983,-0.02351705,0.99821025,0.054984,-0.99947538,-0.0222505,-0.02353477,0.0309286,0.03294877,0.50062802,0
-0.02262726,-0.05643208,0.99815,-0.02391709,0.99815043,0.05588992,-0.99945784,-0.02260821,-0.0239351,0.03142597,0.03350939,0.5006261,0
-0.02298758,-0.05736249,0.99808873,-0.02432043,0.99808918,0.05680238,-0.99943989,-0.0229682,-0.02433873,0.03192653,0.03407464,0.50062376,0
-0.02335016,-0.05829983,0.998026,-0.02472708,0.99802646,0.05772134,-0.9994215,-0.02333046,-0.02474566,0.03243024,0.03464453,0.500621,0
-0.023715,-0.0592441,0.99796179,-0.02513702,0.99796227,0.05864678,-0.99940269,-0.02369498,-0.0251559,0.03293709,0.03521904,0.50061779,0
-0.02408208,-0.06019526,0.99789608,-0.02555027,0.99789657,0.05957869,-0.99938343,-0.02406173,-0.02556943,0.03344705,0.03579818,0.50061414,0
-0.02445139,-0.06115331,0.99782884,-0.02596681,0.99782935,0.06051704,-0.99936372,-0.0244307,-0.02598627,0.03396011,0.03638195,0.50061003,0
-0.0248229,-0.06211822,0.99776007,-0.02638664,0.99776059,0.06146179,-0.99934357,-0.02480188,-0.0264064,0.03447624,0.03697034,0.50060546,0
-0.0251966,-0.06308999,0.99768972,-0.02680977,0.99769026,0.06241294,-0.99932295,-0.02517524,-0.02682983,0.03499541,0.03756335,0.50060041,0
-0.02557248,-0.06406858,0.9976178,-0.0272362,0.99761835,0.06337046,-0.99930188,-0.02555078,-0.02725656,0.03551762,0.03816099,0.50059487,0
-0.02595051,-0.06505399,0.99754426,-0.02766592,0.99754483,0.06433431,-0.99928032,-0.02592847,-0.02768658,0.03604282,0.03876325,0.50058884,0
-0.02633069,-0.06604619,0.99746909,-0.02809893,0.99746969,0.06530449,-0.9992583,-0.0263083,-0.02811989,0.03657101,0.03937012,0.50058232,0
-0.02671299,-0.06704518,0.99739228,-0.02853523,0.99739289,0.06628096,-0.99923579,-0.02669026,-0.0285565,0.03710216,0.03998162,0.50057527,0
-0.02709741,-0.06805092,0.99731379,-0.02897483,0.99731442,0.0672637,-0.99921279,-0.02707432,-0.0289964,0.03763624,0.04059773,0.50056771,0
-0.02748391,-0.06906341,0.99723361,-0.02941771,0.99723426,0.06825269,-0.99918929,-0.02746048,-0.02943959,0.03817323,0.04121846,0.50055962,0
-0.0278725,-0.07008262,0.99715172,-0.02986388,0.99715238,0.0692479,-0.99916529,-0.02784871,-0.02988607,0.03871312,0.0418438,0.50055099,0
-0.02826315,-0.07110854,0.99706809,-0.03031334,0.99706877,0.07024932,-0.99914078,-0.028239,-0.03033584,0.03925588,0.04247376,0.50054181,0
-0.02865584,-0.07214114,0.9969827,-0.03076609,0.9969834,0.0712569,-0.99911575,-0.02863133,-0.0307889,0.03980148,0.04310833,0.50053207,0
-0.02905056,-0.07318043,0.99689553,-0.03122212,0.99689625,0.07227063,-0.99909021,-0.02902569,-0.03124524,0.04034991,0.04374751,0.50052177,0
-0.02944729,-0.07422636,0.99680655,-0.03168143,0.9968073,0.07329049,-0.99906413,-0.02942205,-0.03170487,0.04090113,0.04439129,0.50051088,0
-0.02984602,-0.07527893,0.99671576,-0.03214403,0.99671652,0.07431645,-0.99903753,-0.02982041,-0.03216778,0.04145513,0.04503969,0.50049941,0
-0.03024672,-0.07633812,0.99662311,-0.03260991,0.9966239,0.07534849,-0.99901038,-0.03022074,-0.03263398,0.04201189,0.04569269,0.50048735,0
-0.03064939,-0.0774039,0.9965286,-0.03307907,0.99652941,0.07638658,-0.99898268,-0.03062304,-0.03310347,0.04257138,0.0463503,0.50047468,0
-0.031054,-0.07847627,0.9964322,-0.03355151,0.99643303,0.0774307,-0.99895443,-0.03102727,-0.03357623,0.04313357,0.04701251,0.5004614,0
-0.03146054,-0.0795552,0.99633388,-0.03402723,0.99633474,0.07848082,-0.99892561,-0.03143343,-0.03405227,0.04369845,0.04767933,0.50044749,0
-0.03186899,-0.08064068,0.99623363,-0.03450623,0.99623451,0.07953691,-0.99889623,-0.0318415,-0.0345316,0.044266,0.04835074,0.50043294,0
-0.03227934,-0.08173268,0.99613142,-0.0349885,0.99613233,0.08059896,-0.99886628,-0.03225147,-0.0350142,0.04483618,0.04902676,0.50041776,0
-0.03269156,-0.08283119,0.99602724,-0.03547405,0.99602816,0.08166694,-0.99883575,-0.0326633,-0.03550008,0.04540897,0.04970737,0.50040192,0
-0.03310565,-0.08393619,0.99592105,-0.03596288,0.995922,0.08274082,-0.99880463,-0.033077,-0.03598923,0.04598436,0.05039258,0.50038542,0
-0.03352158,-0.08504766,0.99581283,-0.03645498,0.99581381,0.08382058,-0.99877292,-0.03349254,-0.03648166,0.04656231,0.05108239,0.50036824,0
-0.03393933,-0.08616559,0.99570257,-0.03695035,0.99570358,0.08490619,-0.9987406,-0.0339099,-0.03697737,0.04714281,0.05177679,0.50035038,0
-0.0343589,-0.08728994,0.99559024,-0.03744899,0.99559127,0.08599763,-0.99870768,-0.03432907,-0.03747634,0.04772583,0.05247578,0.50033184,0
-0.03478026,-0.08842071,0.99547582,-0.03795091,0.99547688,0.08709487,-0.99867415,-0.03475003,-0.03797859,0.04831134,0.05317936,0.50031259,0
-0.03520339,-0.08955788,0.99535929,-0.03845609,0.99536037,0.08819788,-0.99864,-0.03517276,-0.03848411,0.04889933,0.05388754,0.50029263,0
-0.03562829,-0.09070143,0.99524061,-0.03896454,0.99524172,0.08930665,-0.99860522,-0.03559725,-0.0389929,0.04948977,0.0546003,0.50027195,0
-0.03605492,-0.09185133,0.99511978,-0.03947626,0.99512092,0.09042114,-0.99856981,-0.03602348,-0.03950495,0.05008264,0.05531765,0.50025054,0
-0.03648328,-0.09300757,0.99499676,-0.03999124,0.99499793,0.09154133,-0.99853376,-0.03645142,-0.04002028,0.05067791,0.05603958,0.50022839,0
-0.03691335,-0.09417014,0.99487154,-0.04050948,0.99487274,0.0926672,-0.99849706,-0.03688108,-0.04053887,0.05127555,0.0567661,0.50020549,0
-0.0373451,-0.095339,0.9947441,-0.04103099,0.99474532,0.09379872,-0.99845971,-0.03731242,-0.04106072,0.05187555,0.0574972,0.50018183,0
-0.03777853,-0.09651415,0.9946144,-0.04155576,0.99461566,0.09493586,-0.99842171,-0.03774542,-0.04158583,0.05247788,0.05823288,0.5001574,0
-0.03821361,-0.09769556,0.99448243,-0.0420838,0.99448371,0.09607859,-0.99838303,-0.03818009,-0.04211421,0.05308251,0.05897314,0.50013219,0
-0.03865033,-0.09888321,0.99434816,-0.04261509,0.99434948,0.0972269,-0.99834368,-0.03861638,-0.04264585,0.05368943,0.05971797,0.50010619,0
-0.03908867,-0.10007709,0.99421157,-0.04314963,0.99421292,0.09838075,-0.99830365,-0.03905429,-0.04318075,0.0542986,0.06046738,0.5000794,0
-0.03952861,-0.10127717,0.99407264,-0.04368744,0.99407403,0.09954011,-0.99826294,-0.03949381,-0.0437189,0.05491001,0.06122136,0.5000518,0
-0.03997013,-0.10248344,0.99393135,-0.0442285,0.99393277,0.10070498,-0.99822153,-0.0399349,-0.04426031,0.05552362,0.06197992,0.50002337,0
-0.04041323,-0.10369588,0.99378767,-0.04477281,0.99378912,0.1018753,-0.99817943,-0.04037756,-0.04480498,0.05613942,0.06274304,0.49999412,0
-0.04085787,-0.10491446,0.99364158,-0.04532038,0.99364306,0.10305107,-0.99813661,-0.04082176,-0.0453529,0.05675738,0.06351074,0.49996404,0
-0.04130404,-0.10613916,0.99349306,-0.04587119,0.99349458,0.10423225,-0.99809309,-0.0412675,-0.04590407,0.05737747,0.064283,0.4999331,0
-0.04175173,-0.10736998,0.99334208,-0.04642526,0.99334363,0.10541882,-0.99804884,-0.04171475,-0.04645849,0.05799968,0.06505982,0.49990131,0
-0.04220091,-0.10860688,0.99318862,-0.04698257,0.99319021,0.10661074,-0.99800387,-0.04216349,-0.04701616,0.05862397,0.0658412,0.49986865,0
-0.04265157,-0.10984984,0.99303266,-0.04754313,0.99303428,0.10780801,-0.99795816,-0.0426137,-0.04757708,0.05925032,0.06662715,0.49983511,0
-0.0431037,-0.11109886,0.99287417,-0.04810694,0.99287583,0.10901057,-0.99791172,-0.04306538,-0.04814125,0.05987872,0.06741765,0.49980069,0
-0.04355726,-0.1123539,0.99271313,-0.04867398,0.99271483,0.11021842,-0.99786452,-0.04351849,-0.04870865,0.06050912,0.06821271,0.49976537,0
-0.04401225,-0.11361494,0.99254953,-0.04924427,0.99255127,0.11143152,-0.99781658,-0.04397303,-0.0492793,0.06114151,0.06901233,0.49972914,0
-0.04446865,-0.11488198,0.99238333,-0.0498178,0.99238511,0.11264985,-0.99776787,-0.04442897,-0.0498532,0.06177586,0.06981649,0.49969199,0
-0.04492644,-0.11615498,0.99221451,-0.05039457,0.99221633,0.11387338,-0.9977184,-0.0448863,-0.05043033,0.06241216,0.07062521,0.49965392,0
-0.0453856,-0.11743392,0.99204305,-0.05097457,0.99204491,0.11510207,-0.99766815,-0.04534499,-0.0510107,0.06305036,0.07143847,0.49961492,0
-0.04584611,-0.11871879,0.99186893,-0.05155781,0.99187083,0.11633592,-0.99761712,-0.04580504,-0.0515943,0.06369045,0.07225628,0.49957496,0
-0.04630796,-0.12000957,0.99169213,-0.05214428,0.99169407,0.11757488,-0.99756531,-0.04626642,-0.05218114,0.06433241,0.07307863,0.49953405,0
-0.04677112,-0.12130623,0.99151261,-0.05273398,0.99151459,0.11881893,-0.9975127,-0.04672911,-0.05277121,0.0649762,0.07390552,0.49949218,0
-0.04723559,-0.12260875,0.99133037,-0.05332691,0.99133239,0.12006804,-0.99745929,-0.04719311,-0.05336451,0.06562181,0.07473695,0.49944933,0
-0.04770133,-0.12391712,0.99114536,-0.05392307,0.99114743,0.12132219,-0.99740508,-0.04765837,-0.05396104,0.06626921,0.07557291,0.49940549,0
-0.04816834,-0.12523131,0.99095758,-0.05452246,0.99095969,0.12258135,-0.99735005,-0.0481249,-0.0545608,0.06691837,0.07641341,0.49936066,0
-0.04863659,-0.1265513,0.990767,-0.05512507,0.99076916,0.12384549,-0.99729419,-0.04859268,-0.05516378,0.06756926,0.07725844,0.49931482,0
-0.04910607,-0.12787706,0.9905736,-0.0557309,0.9905758,0.12511458,-0.99723751,-0.04906167,-0.05576999,0.06822187,0.078108,0.49926797,0
-0.04957675,-0.12920859,0.99037734,-0.05633995,0.99037959,0.12638859,-0.99718,-0.04953187,-0.05637941,0.06887617,0.07896208,0.49922009,0
-0.05004863,-0.13054586,0.99017822,-0.05695222,0.99018052,0.12766751,-0.99712165,-0.05000326,-0.05699205,0.06953212,0.07982068,0.49917118,0
-0.05052168,-0.13188884,0.98997621,-0.0575677,0.98997855,0.12895129,-0.99706245,-0.05047582,-0.05760791,0.07018972,0.08068381,0.49912122,0
-0.05099588,-0.13323752,0.98977128,-0.0581864,0.98977367,0.13023991,-0.99700239,-0.05094953,-0.05822699,0.07084892,0.08155145,0.49907021,0
-0.05147121,-0.13459187,0.98956341,-0.05880831,0.98956585,0.13153334,-0.99694147,-0.05142437,-0.05884927,0.07150971,0.0824236,0.49901813,0
-0.05194767,-0.13595187,0.98935258,-0.05943342,0.98935507,0.13283156,-0.99687969,-0.05190032,-0.05947477,0.07217206,0.08330027,0.49896498,0
-0.05242522,-0.13731751,0.98913877,-0.06006175,0.9891413,0.13413454,-0.99681703,-0.05237737,-0.06010348,0.07283595,0.08418145,0.49891074,0
-0.05290385,-0.13868875,0.98892194,-0.06069328,0.98892453,0.13544224,-0.99675348,-0.0528555,-0.06073539,0.07350134,0.08506713,0.49885542,0
-0.05338354,-0.14006558,0.98870209,-0.06132801,0.98870473,0.13675464,-0.99668906,-0.05333468,-0.0613705,0.07416822,0.08595731,0.49879898,0
-0.05386427,-0.14144798,0.98847919,-0.06196594,0.98848188,0.13807171,-0.99662373,-0.05381491,-0.06200881,0.07483655,0.08685199,0.49874144,0
-0.05434603,-0.14283592,0.98825321,-0.06260707,0.98825595,0.13939343,-0.99655751,-0.05429616,-0.06265033,0.07550632,0.08775117,0.49868277,0
-0.05482879,-0.14422939,0.98802413,-0.06325139,0.98802693,0.14071976,-0.99649037,-0.05477841,-0.06329503,0.07617749,0.08865484,0.49862297,0
-0.05531255,-0.14562835,0.98779193,-0.06389891,0.98779478,0.14205067,-0.99642233,-0.05526164,-0.06394294,0.07685005,0.089563,0.49856202,0
-0.05579726,-0.14703279,0.98755659,-0.06454962,0.9875595,0.14338615,-0.99635336,-0.05574584,-0.06459403,0.07752396,0.09047564,0.49849993,0
-0.05628293,-0.14844268,0.98731809,-0.06520351,0.98732104,0.14472614,-0.99628346,-0.05623099,-0.06524831,0.0781992,0.09139277,0.49843667,0
-0.05676954,-0.14985801,0.98707639,-0.06586059,0.9870794,0.14607064,-0.99621263,-0.05671707,-0.06590578,0.07887574,0.09231438,0.49837223,0
-0.05725705,-0.15127875,0.98683148,-0.06652085,0.98683455,0.14741961,-0.99614086,-0.05720406,-0.06656643,0.07955356,0.09324046,0.49830662,0
-0.05774546,-0.15270488,0.98658334,-0.06718429,0.98658647,0.14877302,-0.99606814,-0.05769194,-0.06723026,0.08023263,0.09417101,0.49823982,0
-0.05823474,-0.15413637,0.98633194,-0.06785091,0.98633513,0.15013083,-0.99599446,-0.05818069,-0.06789726,0.08091293,0.09510604,0.49817181,0
-0.05872488,-0.15557321,0.98607726,-0.0685207,0.98608051,0.15149304,-0.99591983,-0.0586703,-0.06856745,0.08159442,0.09604552,0.4981026,0
-0.05921586,-0.15701536,0.98581928,-0.06919367,0.98582259,0.15285959,-0.99584422,-0.05916074,-0.0692408,0.08227709,0.09698947,0.49803216,0
-0.05970766,-0.15846282,0.98555798,-0.0698698,0.98556135,0.15423046,-0.99576765,-0.059652,-0.06991732,0.08296091,0.09793787,0.49796049,0
-0.06020025,-0.15991554,0.98529333,-0.0705491,0.98529676,0.15560564,-0.99569009,-0.06014406,-0.07059701,0.08364585,0.09889073,0.49788759,0
-0.06069363,-0.16137352,0.98502531,-0.07123156,0.98502881,0.15698507,-0.99561154,-0.06063689,-0.07127987,0.08433189,0.09984803,0.49781343,0
-0.06118778,-0.16283673,0.98475391,-0.07191717,0.98475746,0.15836874,-0.99553201,-0.06113049,-0.07196588,0.085019,0.10080978,0.49773802,0
-0.06168266,-0.16430514,0.98447909,-0.07260595,0.98448271,0.15975661,-0.99545147,-0.06162483,-0.07265505,0.08570715,0.10177597,0.49766134,0
-0.06217827,-0.16577874,0.98420083,-0.07329788,0.98420452,0.16114866,-0.99536992,-0.06211989,-0.07334737,0.08639631,0.1027466,0.49758338,0
-0.06267459,-0.16725749,0.98391912,-0.07399296,0.98392287,0.16254486,-0.99528736,-0.06261565,-0.07404284,0.08708647,0.10372166,0.49750413,0
-0.0631716,-0.16874138,0.98363392,-0.07469118,0.98363774,0.16394517,-0.99520379,-0.0631121,-0.07474146,0.0877776,0.10470114,0.49742359,0
-0.06366927,-0.17023038,0.98334523,-0.07539255,0.98334912,0.16534956,-0.99511918,-0.06360922,-0.07544322,0.08846966,0.10568505,0.49734174,0
-0.0641676,-0.17172447,0.98305301,-0.07609705,0.98305697,0.16675801,-0.99503355,-0.06410698,-0.07614813,0.08916263,0.10667338,0.49725857,0
-0.06466655,-0.17322362,0.98275725,-0.0768047,0.98276128,0.16817049,-0.99494687,-0.06460537,-0.07685617,0.0898565,0.10766612,0.49717408,0
-0.06516612,-0.17472781,0.98245792,-0.07751548,0.98246202,0.16958696,-0.99485915,-0.06510437,-0.07756735,0.09055122,0.10866327,0.49708826,0
-0.06566628,-0.17623702,0.98215501,-0.07822938,0.98215917,0.1710074,-0.99477038,-0.06560396,-0.07828165,0.09124678,0.10966482,0.49700109,0
-0.06616701,-0.17775122,0.98184848,-0.07894642,0.98185271,0.17243176,-0.99468055,-0.06610412,-0.07899908,0.09194314,0.11067077,0.49691257,0
-0.0666683,-0.17927039,0.98153832,-0.07966657,0.98154262,0.17386004,-0.99458965,-0.06660484,-0.07971964,0.09264029,0.11168112,0.49682268,0
-0.06717013,-0.1807945,0.9812245,-0.08038985,0.98122888,0.17529219,-0.99449769,-0.06710609,-0.08044331,0.09333819,0.11269586,0.49673142,0
-0.06767247,-0.18232353,0.98090701,-0.08111623,0.98091147,0.17672818,-0.99440464,-0.06760785,-0.0811701,0.09403682,0.11371498,0.49663878,0
-0.06817531,-0.18385746,0.98058583,-0.08184573,0.98059036,0.17816798,-0.99431052,-0.06811011,-0.0819,0.09473615,0.11473849,0.49654475,0
-0.06867863,-0.18539626,0.98026092,-0.08257834,0.98026553,0.17961156,-0.9942153,-0.06861285,-0.08263301,0.09543616,0.11576636,0.49644932,0
-0.06918241,-0.1869399,0.97993228,-0.08331405,0.97993696,0.18105889,-0.99411899,-0.06911604,-0.08336912,0.09613681,0.11679861,0.49635249,0
-0.06968663,-0.18848837,0.97959987,-0.08405286,0.97960463,0.18250995,-0.99402157,-0.06961967,-0.08410833,0.09683809,0.11783522,0.49625423,0
-0.07019127,-0.19004164,0.97926368,-0.08479477,0.97926852,0.18396469,-0.99392305,-0.07012372,-0.08485064,0.09753997,0.11887619,0.49615454,0
-0.07069632,-0.19159967,0.97892369,-0.08553977,0.97892861,0.18542309,-0.99382341,-0.07062818,-0.08559604,0.09824242,0.11992151,0.49605342,0
-0.07120174,-0.19316246,0.97857988,-0.08628785,0.97858488,0.18688512,-0.99372266,-0.07113301,-0.08634452,0.09894541,0.12097117,0.49595086,0
-0.07170754,-0.19472997,0.97823222,-0.08703902,0.9782373,0.18835074,-0.99362077,-0.0716382,-0.08709609,0.09964892,0.12202518,0.49584684,0
-0.07221368,-0.19630217,0.97788069,-0.08779326,0.97788585,0.18981993,-0.99351775,-0.07214374,-0.08785074,0.10035292,0.12308353,0.49574135,0
-0.07272014,-0.19787905,0.97752528,-0.08855059,0.97753052,0.19129264,-0.9934136,-0.07264961,-0.08860847,0.10105738,0.1241462,0.49563439,0
-0.07322692,-0.19946057,0.97716595,-0.08931098,0.97717128,0.19276887,-0.99330829,-0.07315578,-0.08936926,0.10176229,0.1252132,0.49552596,0
-0.07373398,-0.20104671,0.9768027,-0.09007443,0.97680812,0.19424856,-0.99320184,-0.07366223,-0.09013312,0.1024676,0.12628451,0.49541603,0
-0.07424131,-0.20263746,0.9764355,-0.09084095,0.976441,0.19573169,-0.99309423,-0.07416895,-0.09090004,0.1031733,0.12736014,0.4953046,0
-0.0747489,-0.20423277,0.97606433,-0.09161052,0.97606992,0.19721822,-0.99298546,-0.07467592,-0.09167002,0.10387936,0.12844007,0.49519166,0
-0.07525671,-0.20583262,0.97568917,-0.09238315,0.97569484,0.19870814,-0.99287551,-0.07518312,-0.09244305,0.10458575,0.1295243,0.4950772,0
-0.07576474,-0.207437,0.97531,-0.09315882,0.97531576,0.20020139,-0.99276439,-0.07569053,-0.09321913,0.10529244,0.13061283,0.49496122,0
-0.07627295,-0.20904587,0.9749268,-0.09393754,0.97493265,0.20169796,-0.99265209,-0.07619813,-0.09399825,0.10599941,0.13170564,0.4948437,0
-0.07678135,-0.2106592,0.97453955,-0.09471929,0.97454549,0.20319781,-0.9925386,-0.07670589,-0.09478041,0.10670664,0.13280273,0.49472464,0
-0.07728989,-0.21227698,0.97414822,-0.09550408,0.97415425,0.20470091,-0.99242392,-0.07721382,-0.0955656,0.10741409,0.13390409,0.49460403,0
-0.07779858,-0.21389917,0.9737528,-0.09629189,0.97375893,0.20620722,-0.99230804,-0.07772187,-0.09635382,0.10812174,0.13500972,0.49448186,0
-0.07830738,-0.21552576,0.97335328,-0.09708273,0.9733595,0.20771672,-0.99219096,-0.07823004,-0.09714506,0.10882956,0.13611961,0.49435811,0
-0.07881627,-0.2171567,0.97294962,-0.09787658,0.97295593,0.20922937,-0.99207266,-0.07873831,-0.09793932,0.10953753,0.13723375,0.49423279,0
-0.07932525,-0.21879198,0.97254181,-0.09867345,0.97254822,0.21074514,-0.99195315,-0.07924665,-0.09873659,0.11024562,0.13835213,0.49410588,0
-0.07983428,-0.22043157,0.97212983,-0.09947333,0.97213634,0.21226399,-0.99183242,-0.07975504,-0.09953687,0.1109538,0.13947476,0.49397738,0
-0.08034336,-0.22207545,0.97171366,-0.1002762,0.97172026,0.21378591,-0.99171046,-0.08026348,-0.10034015,0.11166205,0.14060161,0.49384727,0
-0.08085245,-0.22372358,0.97129328,-0.10108208,0.97129998,0.21531084,-0.99158726,-0.08077193,-0.10114643,0.11237034,0.14173269,0.49371555,0
-0.08136155,-0.22537594,0.97086868,-0.10189094,0.97087547,0.21683877,-0.99146283,-0.08128039,-0.1019557,0.11307864,0.14286799,0.49358221,0
-0.08187063,-0.2270325,0.97043982,-0.10270279,0.97044672,0.21836965,-0.99133715,-0.08178882,-0.10276796,0.11378693,0.14400749,0.49344724,0
-0.08237967,-0.22869324,0.9700067,-0.10351763,0.9700137,0.21990346,-0.99121022,-0.08229721,-0.10358319,0.11449518,0.1451512,0.49331063,0
-0.08288866,-0.23035813,0.96956929,-0.10433543,0.96957639,0.22144017,-0.99108203,-0.08280555,-0.10440141,0.11520336,0.1462991,0.49317238,0
-0.08339758,-0.23202715,0.96912757,-0.10515621,0.96913478,0.22297973,-0.99095258,-0.08331381,-0.10522259,0.11591145,0.14745118,0.49303247,0
-0.0839064,-0.23370025,0.96868153,-0.10597995,0.96868884,0.22452212,-0.99082186,-0.08382197,-0.10604673,0.11661942,0.14860745,0.4928909,0
-0.0844151,-0.23537743,0.96823115,-0.10680664,0.96823856,0.22606731,-0.99068988,-0.08433002,-0.10687383,0.11732724,0.14976788,0.49274766,0
-0.08492368,-0.23705864,0.9677764,-0.10763629,0.96778392,0.22761525,-0.99055661,-0.08483794,-0.10770388,0.11803489,0.15093248,0.49260274,0
-0.0854321,-0.23874387,0.96731728,-0.10846889,0.96732491,0.22916593,-0.99042206,-0.0853457,-0.10853688,0.11874235,0.15210123,0.49245614,0
-0.08594036,-0.24043308,0.96685376,-0.10930442,0.96686149,0.23071931,-0.99028622,-0.08585329,-0.10937282,0.11944957,0.15327412,0.49230784,0
-0.08644842,-0.24212625,0.96638582,-0.11014289,0.96639366,0.23227534,-0.99014909,-0.08636069,-0.11021169,0.12015655,0.15445115,0.49215784,0
-0.08695628,-0.24382335,0.96591344,-0.11098428,0.9659214,0.23383401,-0.99001065,-0.08686787,-0.11105349,0.12086325,0.15563232,0.49200612,0
-0.08746391,-0.24552436,0.96543661,-0.1118286,0.96544468,0.23539527,-0.98987091,-0.08737483,-0.11189821,0.12156964,0.1568176,0.49185269,0
-0.0879713,-0.24722923,0.96495531,-0.11267583,0.96496349,0.2369591,-0.98972987,-0.08788154,-0.11274585,0.1222757,0.15800699,0.49169754,0
-0.08847842,-0.24893795,0.96446953,-0.11352597,0.96447782,0.23852546,-0.9895875,-0.08838798,-0.11359639,0.12298141,0.15920049,0.49154064,0
-0.08898525,-0.25065049,0.96397923,-0.11437901,0.96398764,0.24009431,-0.98944382,-0.08889414,-0.11444984,0.12368673,0.16039808,0.49138201,0
-0.08949178,-0.25236682,0.96348441,-0.11523495,0.96349293,0.24166563,-0.98929881,-0.08939999,-0.11530618,0.12439164,0.16159976,0.49122163,0
-0.08999799,-0.25408692,0.96298505,-0.11609378,0.96299368,0.24323938,-0.98915246,-0.08990552,-0.11616541,0.12509611,0.16280551,0.49105949,0
-0.09050386,-0.25581074,0.96248112,-0.11695549,0.96248988,0.24481553,-0.98900478,-0.0904107,-0.11702752,0.12580012,0.16401533,0.49089558,0
-0.09100937,-0.25753827,0.96197263,-0.11782008,0.9619815,0.24639404,-0.98885576,-0.09091552,-0.11789251,0.12650364,0.16522921,0.4907299,0
-0.0915145,-0.25926948,0.96145953,-0.11868753,0.96146853,0.24797488,-0.9887054,-0.09141996,-0.11876037,0.12720664,0.16644714,0.49056245,0
-0.09201924,-0.26100433,0.96094183,-0.11955785,0.96095094,0.24955802,-0.98855368,-0.091924,-0.11963109,0.12790911,0.16766911,0.4903932,0
-0.09252355,-0.2627428,0.9604195,-0.12043102,0.96042873,0.25114341,-0.98840061,-0.09242762,-0.12050466,0.128611,0.1688951,0.49022216,0
-0.09302743,-0.26448486,0.95989252,-0.12130704,0.95990188,0.25273104,-0.98824617,-0.0929308,-0.12138108,0.1293123,0.17012512,0.49004932,0
-0.09353086,-0.26623049,0.95936088,-0.1221859,0.95937037,0.25432086,-0.98809037,-0.09343353,-0.12226035,0.13001298,0.17135914,0.48987467,0
-0.09403381,-0.26797964,0.95882457,-0.1230676,0.95883418,0.25591285,-0.9879332,-0.09393578,-0.12314244,0.13071301,0.17259717,0.4896982,0
-0.09453627,-0.2697323,0.95828356,-0.12395212,0.95829329,0.25750696,-0.98777465,-0.09443753,-0.12402736,0.13141237,0.17383919,0.48951991,0
-0.09503822,-0.27148844,0.95773784,-0.12483946,0.9577477,0.25910317,-0.98761473,-0.09493877,-0.12491511,0.13211102,0.17508519,0.48933979,0
-0.09553964,-0.27324801,0.95718739,-0.12572962,0.95719738,0.26070143,-0.98745341,-0.09543948,-0.12580566,0.13280896,0.17633516,0.48915783,0
-0.09604051,-0.27501101,0.9566322,-0.12662258,0.95664232,0.26230172,-0.98729071,-0.09593964,-0.12669902,0.13350614,0.17758909,0.48897402,0
-0.09654081,-0.27677739,0.95607225,-0.12751833,0.9560825,0.263904,-0.98712661,-0.09643923,-0.12759517,0.13420254,0.17884696,0.48878836,0
-0.09704053,-0.27854712,0.95550753,-0.12841688,0.95551791,0.26550824,-0.98696111,-0.09693823,-0.12849411,0.13489814,0.18010878,0.48860084,0
-0.09753964,-0.28032019,0.95493801,-0.12931821,0.95494853,0.26711441,-0.98679421,-0.09743663,-0.12939584,0.13559291,0.18137453,0.48841146,0
-0.09803813,-0.28209655,0.9543637,-0.13022231,0.95437435,0.26872246,-0.9866259,-0.0979344,-0.13030034,0.13628682,0.18264419,0.4882202,0
-0.09853597,-0.28387618,0.95378456,-0.13112918,0.95379534,0.27033237,-0.98645618,-0.09843152,-0.1312076,0.13697985,0.18391777,0.48802706,0
-0.09903316,-0.28565905,0.95320058,-0.1320388,0.9532115,0.27194409,-0.98628504,-0.09892798,-0.13211762,0.13767197,0.18519524,0.48783204,0
-0.09952966,-0.28744512,0.95261175,-0.13295118,0.95262281,0.27355761,-0.98611248,-0.09942376,-0.1330304,0.13836316,0.18647659,0.48763512,0
-0.10002547,-0.28923437,0.95201806,-0.1338663,0.95202926,0.27517287,-0.9859385,-0.09991884,-0.13394591,0.13905339,0.18776182,0.48743631,0
-0.10052056,-0.29102678,0.95141948,-0.13478415,0.95143082,0.27678986,-0.98576308,-0.1004132,-0.13486416,0.13974263,0.18905091,0.48723559,0
-0.10101492,-0.29282229,0.95081601,-0.13570473,0.95082749,0.27840853,-0.98558623,-0.10090682,-0.13578513,0.14043086,0.19034386,0.48703295,0
-0.10150852,-0.2946209,0.95020763,-0.13662803,0.95021925,0.28002884,-0.98540794,-0.10139969,-0.13670882,0.14111806,0.19164064,0.4868284,0
-0.10200135,-0.29642257,0.94959433,-0.13755404,0.94960609,0.28165077,-0.9852282,-0.10189178,-0.13763522,0.14180419,0.19294126,0.48662191,0
-0.10249339,-0.29822726,0.94897608,-0.13848275,0.94898799,0.28327428,-0.98504702,-0.10238308,-0.13856432,0.14248923,0.19424569,0.4864135,0
-0.10298462,-0.30003495,0.94835289,-0.13941415,0.94836494,0.28489934,-0.98486439,-0.10287356,-0.13949612,0.14317316,0.19555393,0.48620315,0
-0.10347502,-0.3018456,0.94772472,-0.14034824,0.94773692,0.28652591,-0.9846803,-0.10336322,-0.14043059,0.14385595,0.19686596,0.48599086,0
